0 26.00
10 25.50
20 26.68
30 26.13
40 25.58
50 25.31
60 25.31
70 24.53
80 24.06
90 23.90
100 23.81
110 23.80
120 23.54
130 23.84
140 23.49
150 23.89
160 23.63
170 23.71
180 23.84
190 23.36
200 23.11
210 22.88
220 22.56
230 22.67
240 22.85
250 24.02
260 23.87
270 23.25
280 23.44
290 23.55
300 23.90
310 24.26
320 24.49
330 24.10
340 24.97
350 25.59
360 25.65
370 26.21
380 25.93
390 26.35
400 27.02
410 26.68
420 27.17
430 28.45
440 30.41
450 30.71
460 31.93
470 34.02
480 34.90
490 35.38
500 37.92
510 37.96
520 37.78
530 37.07
540 41.01
550 48.26
560 64.72
570 73.87
580 95.55
590 112.4
600 124.5
610 128.1
620 145.5
630 146.8
640 152.3
650 160.4
660 163.6
670 157.7
680 155.1
690 152.3
700 162.8
710 170.7
720 180.1
730 191.1
740 199.4
