0 23.00
10 22.77
20 22.79
30 22.82
40 22.67
50 21.92
60 21.68
70 21.49
80 21.01
90 20.60
100 20.89
110 20.71
120 20.73
130 20.78
140 20.62
150 20.78
160 20.48
170 20.30
180 20.48
190 21.55
200 21.92
210 21.62
220 21.90
230 22.29
240 21.72
250 20.95
260 20.37
270 20.37
280 20.16
290 20.60
300 20.76
310 21.04
320 22.00
330 23.18
340 23.47
350 24.52
360 24.08
370 25.45
380 25.89
390 27.08
400 28.43
410 27.44
420 27.50
430 28.23
440 32.06
450 36.44
460 45.17
470 49.50
480 55.09
490 56.14
500 59.62
510 63.87
520 72.28
530 76.43
540 81.88
550 88.81
560 94.34
570 94.58
580 95.31
590 94.70
600 95.90
610 88.23
620 84.04
630 87.60
640 94.49
650 95.66
660 101.6
670 106.7
680 106.4
690 107.7
700 109.1
710 111.6
720 110.0
730 108.9
740 111.8
750 115.2
760 117.5
770 122.6
780 123.4
790 131.0
800 143.3
810 157.6
820 148.1
830 147.8
840 158.6
850 169.5
860 192.2
