0 10.00
10 11.90
20 12.74
30 14.22
40 15.35
50 15.37
60 16.19
70 16.33
80 16.45
90 17.13
100 17.49
110 17.48
120 18.31
130 19.00
140 20.13
150 20.87
160 20.82
170 21.69
180 21.77
190 21.94
200 22.01
210 22.96
220 24.45
230 25.65
240 27.00
250 27.39
260 29.27
270 30.65
280 32.92
290 34.17
300 34.54
310 35.31
320 37.21
330 38.46
340 39.55
350 45.12
360 47.32
370 49.76
380 53.75
390 59.59
400 71.86
410 83.37
420 90.95
430 96.57
440 105.26
450 114.08
460 116.85
470 125.50
480 129.30
490 140.98
500 159.77
510 179.90
520 192.32
530 200.57
