0 30.00
10 29.53
20 28.56
30 28.49
40 27.54
50 26.77
60 27.18
70 26.78
80 26.10
90 25.64
100 25.43
110 24.66
120 24.33
130 23.59
140 23.19
150 23.37
160 23.31
170 23.15
180 23.17
190 22.95
200 22.89
210 22.21
220 21.72
230 21.11
240 20.72
250 20.58
260 20.68
270 21.25
280 21.72
290 21.82
300 22.11
310 21.88
320 21.82
330 21.53
340 21.46
350 21.18
360 21.36
370 21.61
380 21.86
390 21.77
400 22.00
410 21.70
420 22.42
430 22.89
440 23.18
450 22.61
460 22.96
470 23.49
480 23.95
490 23.45
500 23.44
510 23.58
520 23.17
530 23.39
540 22.77
550 22.80
560 22.39
570 21.91
580 21.44
590 21.53
600 21.36
610 21.33
620 22.53
630 22.83
640 22.92
650 23.02
660 22.99
670 22.60
680 22.73
690 22.78
700 22.07
710 21.91
720 21.72
730 21.26
740 20.80
750 20.54
760 21.23
770 21.22
780 21.12
790 20.84
800 21.15
810 21.40
820 21.54
830 21.48
840 21.30
850 21.16
860 21.00
870 20.77
880 21.22
890 20.85
900 20.57
910 20.29
920 20.21
930 19.98
940 19.66
950 19.55
960 20.34
970 20.47
980 21.19
990 21.23
1000 21.18
1010 20.99
1020 20.55
1030 20.73
1040 20.90
1050 21.06
1060 20.66
1070 20.35
1080 19.90
1090 19.82
1100 19.61
1110 20.10
1120 19.74
1130 19.27
1140 19.23
1150 19.84
1160 19.77
1170 20.21
1180 19.80
1190 20.06
1200 19.87
1210 19.77
1220 19.37
1230 19.53
1240 19.89
1250 19.46
1260 18.87
1270 19.07
1280 18.99
1290 19.25
1300 19.81
1310 19.87
1320 20.82
1330 21.28
1340 22.20
1350 22.20
1360 22.98
1370 23.66
1380 23.60
1390 23.29
1400 22.86
1410 23.50
1420 23.36
1430 23.06
1440 22.86
1450 22.64
1460 22.11
1470 21.71
1480 21.34
1490 21.19
1500 20.83
1510 20.44
1520 20.80
1530 21.31
1540 21.31
1550 21.15
1560 21.55
1570 21.65
1580 20.89
1590 20.84
1600 20.74
1610 20.73
1620 20.79
1630 21.45
1640 21.23
1650 21.00
1660 21.14
1670 21.27
1680 20.93
1690 20.78
1700 20.97
1710 20.68
1720 20.55
1730 20.93
1740 20.97
1750 20.82
1760 20.28
1770 20.52
1780 20.88
1790 20.88
1800 20.82
1810 21.02
1820 21.25
1830 21.59
1840 21.36
1850 20.68
1860 21.56
1870 21.30
1880 21.21
1890 20.87
1900 20.90
1910 21.12
1920 21.93
1930 21.52
1940 21.25
1950 22.73
1960 22.85
1970 22.30
1980 22.77
1990 22.53
2000 21.88
2010 21.15
2020 22.12
2030 22.96
2040 22.77
2050 22.49
2060 22.11
2070 21.80
2080 22.37
2090 22.40
2100 22.64
2110 23.18
2120 22.69
2130 22.64
2140 22.68
2150 22.06
2160 21.57
2170 21.68
2180 21.62
2190 20.90
2200 20.74
2210 21.04
2220 21.31
2230 21.04
2240 20.80
2250 20.84
2260 20.38
2270 20.15
2280 19.56
2290 19.45
2300 19.29
2310 19.84
2320 20.12
2330 20.43
2340 19.92
2350 20.40
2360 20.54
2370 20.42
2380 20.29
2390 20.00
2400 20.48
2410 20.79
2420 21.41
2430 21.35
2440 21.59
2450 22.06
2460 22.30
2470 21.77
2480 21.67
2490 21.67
2500 21.05
2510 20.76
2520 20.81
2530 20.53
2540 20.24
2550 19.96
2560 19.59
2570 20.28
2580 20.83
2590 20.86
2600 20.33
2610 20.17
2620 19.92
2630 20.19
2640 20.38
2650 20.66
2660 21.34
2670 21.14
2680 21.45
2690 21.55
2700 21.33
2710 21.04
2720 21.16
2730 21.40
2740 21.56
2750 22.61
2760 23.06
2770 23.53
2780 22.92
2790 22.77
2800 23.09
2810 22.66
2820 22.43
2830 22.05
2840 22.35
2850 22.57
2860 21.87
2870 22.01
2880 22.46
2890 21.93
2900 21.44
2910 22.00
2920 22.26
2930 21.72
2940 20.97
2950 21.34
2960 21.58
2970 21.44
2980 21.93
2990 21.39
3000 22.11
3010 22.08
3020 21.36
3030 21.76
3040 21.38
3050 21.44
3060 21.20
3070 21.42
3080 21.40
3090 21.25
3100 20.72
3110 20.23
3120 20.07
3130 20.06
3140 19.90
3150 20.13
3160 19.61
3170 19.58
3180 19.57
3190 19.80
3200 20.73
3210 20.72
3220 21.15
3230 21.07
3240 21.03
3250 20.64
3260 20.44
3270 20.31
3280 20.12
3290 19.71
3300 19.28
3310 20.38
3320 21.47
3330 21.21
3340 20.92
3350 20.49
3360 20.03
3370 19.83
3380 19.58
3390 19.28
3400 19.35
3410 19.38
3420 18.91
3430 18.57
3440 18.60
3450 19.16
3460 19.23
3470 18.96
3480 18.83
3490 18.33
3500 18.19
3510 19.52
3520 19.93
3530 20.08
3540 20.08
3550 20.19
3560 20.59
3570 20.28
3580 19.89
3590 19.43
3600 19.38
3610 18.96
3620 18.73
3630 18.45
3640 18.61
3650 19.00
3660 18.70
3670 18.45
3680 19.16
3690 18.93
3700 18.91
3710 19.20
3720 20.70
3730 20.83
3740 21.17
3750 21.33
3760 20.84
3770 20.80
3780 20.37
3790 20.11
3800 19.58
3810 19.49
3820 19.84
3830 20.35
3840 20.00
3850 19.47
3860 18.86
3870 19.05
3880 18.77
3890 18.87
3900 18.53
3910 19.51
3920 19.78
3930 20.05
3940 19.80
3950 19.84
3960 19.77
3970 19.57
3980 19.47
3990 19.14
4000 18.53
4010 18.23
4020 17.97
4030 17.76
4040 17.89
4050 17.72
4060 17.58
4070 17.98
4080 17.69
4090 17.59
4100 17.34
4110 17.42
4120 17.35
4130 17.56
4140 17.52
4150 17.41
4160 17.20
4170 17.05
4180 17.01
4190 16.76
4200 17.11
4210 17.34
4220 17.26
4230 17.24
4240 17.68
4250 17.54
4260 17.67
4270 18.03
4280 17.93
4290 17.71
4300 17.87
4310 17.54
4320 17.32
4330 17.57
4340 17.73
4350 17.77
4360 18.09
4370 17.75
4380 17.68
4390 17.80
4400 18.17
4410 18.04
4420 18.25
4430 18.07
4440 18.47
4450 18.58
4460 18.21
4470 18.17
4480 18.35
4490 18.36
4500 18.07
4510 17.83
4520 17.65
4530 17.89
4540 18.06
4550 18.12
4560 18.06
4570 18.29
4580 17.91
4590 17.53
4600 17.71
4610 17.98
4620 17.90
4630 18.25
4640 18.42
4650 18.63
4660 19.10
4670 19.16
4680 19.70
4690 20.04
4700 19.92
4710 19.91
4720 20.24
4730 20.16
4740 20.00
4750 20.27
4760 20.28
4770 20.39
4780 21.54
4790 21.34
4800 21.25
4810 21.30
4820 21.03
4830 20.64
4840 20.37
4850 20.05
4860 19.91
4870 19.34
4880 19.34
4890 18.97
4900 18.61
4910 18.56
4920 18.41
4930 18.41
4940 18.41
4950 18.40
4960 18.20
4970 18.33
4980 18.28
4990 18.50
5000 19.02
5010 19.02
5020 19.14
5030 19.48
5040 20.76
5050 20.76
5060 20.63
5070 20.21
5080 20.19
5090 19.63
5100 19.26
5110 19.24
5120 18.71
5130 18.58
5140 18.67
5150 18.30
5160 18.54
5170 18.27
5180 17.95
5190 18.16
5200 18.08
5210 18.15
5220 18.23
5230 17.88
5240 17.72
5250 17.44
5260 17.62
5270 17.84
5280 17.93
5290 18.17
5300 18.46
5310 19.65
5320 19.53
5330 19.43
5340 19.34
5350 19.11
5360 18.88
5370 18.34
5380 17.89
5390 17.55
5400 17.21
5410 17.11
5420 17.14
5430 16.99
5440 17.33
5450 17.78
5460 18.08
5470 18.71
5480 19.91
5490 20.54
5500 20.39
5510 20.56
5520 20.27
5530 19.85
5540 19.65
5550 19.73
5560 20.05
5570 20.59
5580 20.85
5590 21.15
5600 20.96
5610 21.10
5620 22.12
5630 22.51
5640 23.60
5650 23.14
5660 23.17
5670 22.81
5680 23.21
5690 23.80
5700 24.19
5710 23.78
5720 23.47
5730 22.99
5740 22.33
5750 21.97
5760 21.53
5770 21.32
5780 21.09
5790 21.81
5800 22.40
5810 23.98
5820 24.44
5830 24.05
5840 23.52
5850 22.93
5860 22.95
5870 22.27
5880 22.10
5890 21.41
5900 20.83
5910 20.32
5920 20.08
5930 19.65
5940 19.58
5950 19.67
5960 20.99
5970 23.03
5980 24.62
5990 28.76
6000 31.34
6010 30.33
6020 28.93
6030 27.51
6040 26.52
6050 25.21
6060 24.62
6070 23.83
6080 25.29
6090 26.07
6100 26.06
6110 25.52
6120 25.28
6130 24.37
6140 23.89
6150 23.18
6160 23.76
6170 23.49
6180 23.94
6190 24.19
6200 24.35
6210 24.24
6220 25.33
6230 25.57
6240 25.08
6250 24.46
6260 23.93
6270 23.79
6280 22.87
6290 22.24
6300 21.71
6310 22.60
6320 22.25
6330 21.64
6340 20.89
6350 20.31
6360 19.65
6370 19.14
6380 18.64
6390 18.30
6400 17.87
6410 17.63
6420 17.43
6430 17.44
6440 17.88
6450 19.87
6460 19.61
6470 21.96
6480 27.28
6490 28.72
6500 28.98
6510 28.56
6520 29.40
6530 30.37
6540 30.54
6550 30.68
6560 29.91
6570 28.94
6580 27.50
6590 27.00
6600 25.65
6610 24.43
6620 23.83
6630 23.08
6640 23.12
6650 25.65
6660 27.26
6670 28.75
6680 29.10
6690 28.87
6700 28.29
6710 27.69
6720 26.96
6730 26.17
6740 25.27
6750 24.08
6760 23.06
6770 22.15
6780 21.32
6790 20.64
6800 19.94
6810 19.37
6820 18.96
6830 19.35
6840 21.42
6850 23.86
6860 26.41
6870 30.90
6880 32.79
6890 33.82
6900 33.50
6910 32.95
6920 32.11
6930 30.32
6940 28.66
6950 27.47
6960 26.09
6970 24.87
6980 23.90
6990 22.80
7000 21.77
7010 21.29
7020 20.52
7030 19.67
7040 19.45
7050 21.23
7060 23.13
7070 24.40
7080 26.50
7090 27.37
7100 29.11
7110 33.23
7120 34.23
7130 34.51
7140 33.35
7150 32.03
7160 30.21
7170 28.43
7180 26.92
7190 25.58
7200 24.34
7210 23.30
7220 22.44
7230 21.66
7240 20.76
7250 19.82
7260 19.12
7270 18.82
7280 18.52
7290 19.03
7300 19.76
7310 22.00
7320 25.66
7330 28.72
7340 29.84
7350 28.95
7360 27.45
7370 25.88
7380 24.49
7390 23.29
7400 22.22
7410 21.28
7420 20.37
7430 19.41
7440 18.76
7450 18.25
7460 17.85
7470 17.54
7480 17.68
7490 17.90
7500 18.48
7510 20.10
7520 23.01
7530 25.96
7540 30.57
7550 32.94
7560 36.38
7570 40.67
7580 43.66
7590 46.68
7600 48.95
7610 46.94
7620 44.39
7630 41.27
7640 38.54
7650 36.23
7660 34.08
7670 31.85
7680 29.99
7690 28.22
7700 26.79
7710 25.42
7720 24.28
7730 23.34
7740 22.41
7750 21.87
7760 21.74
7770 23.02
7780 24.92
7790 27.36
7800 29.56
7810 33.74
7820 38.37
7830 43.68
7840 45.63
7850 46.56
7860 57.89
7870 66.43
7880 66.86
7890 63.69
7900 59.22
7910 54.89
7920 50.78
7930 47.06
7940 43.75
7950 40.67
7960 37.98
7970 35.49
7980 33.07
7990 31.17
8000 29.43
8010 27.77
8020 26.40
8030 25.58
8040 24.68
8050 24.13
8060 24.82
8070 26.09
8080 27.13
8090 30.31
8100 34.10
8110 41.72
8120 57.87
8130 70.88
8140 74.39
8150 75.29
8160 73.58
8170 68.76
8180 63.43
8190 58.47
8200 54.12
8210 50.04
8220 46.38
8230 43.60
8240 40.83
8250 38.09
8260 35.67
8270 33.84
8280 34.11
8290 35.10
8300 37.54
8310 40.14
8320 51.86
8330 59.87
8340 64.58
8350 64.99
8360 62.29
8370 59.84
8380 56.64
8390 52.45
8400 48.69
8410 45.29
8420 42.09
8430 39.17
8440 36.42
8450 34.12
8460 32.10
8470 30.07
8480 28.39
8490 27.03
8500 25.74
8510 25.26
8520 24.91
8530 25.23
8540 25.24
8550 24.66
8560 23.68
8570 22.78
8580 22.08
8590 21.14
8600 20.41
8610 19.69
8620 19.09
8630 18.51
8640 18.02
8650 17.57
8660 17.02
8670 16.70
8680 16.37
8690 15.96
8700 15.74
8710 15.48
8720 15.05
8730 15.18
8740 15.89
8750 16.08
8760 15.98
8770 16.02
8780 15.61
8790 15.47
8800 15.21
8810 14.90
8820 14.67
8830 14.50
8840 14.31
8850 14.12
8860 13.91
8870 13.85
8880 13.63
8890 13.64
8900 13.52
8910 13.40
8920 13.40
8930 13.33
8940 13.27
8950 13.25
8960 13.23
8970 13.14
8980 12.98
8990 12.84
9000 12.99
9010 13.00
9020 12.89
9030 12.80
9040 12.81
9050 12.80
9060 12.91
9070 12.93
9080 12.85
9090 12.78
9100 12.83
9110 12.69
9120 12.82
9130 12.85
9140 12.89
9150 12.80
9160 12.63
9170 12.52
9180 12.50
9190 12.68
9200 12.65
9210 12.61
9220 12.66
9230 12.55
9240 12.66
9250 12.76
9260 12.56
9270 12.52
9280 12.42
9290 12.37
9300 12.39
9310 12.37
9320 12.17
9330 12.38
9340 12.37
9350 12.40
9360 12.41
9370 12.20
9380 12.56
9390 12.77
9400 12.89
9410 12.98
9420 13.16
9430 13.18
9440 13.73
9450 14.11
9460 15.43
9470 16.95
9480 22.05
9490 23.84
9500 24.05
9510 23.19
9520 22.68
9530 21.84
9540 20.95
9550 20.22
9560 19.36
9570 18.51
9580 17.86
9590 17.30
9600 16.76
9610 16.33
9620 16.01
9630 16.11
9640 17.49
9650 19.73
9660 21.42
9670 21.11
9680 20.50
9690 19.75
9700 19.10
9710 18.46
9720 18.06
9730 17.47
9740 17.26
9750 18.51
9760 21.06
9770 23.91
9780 27.28
9790 32.42
9800 35.16
9810 35.99
9820 35.65
9830 34.50
9840 32.32
9850 30.49
9860 28.61
9870 27.02
9880 25.65
9890 24.39
9900 23.10
9910 22.00
9920 21.23
9930 20.29
9940 19.69
9950 19.03
9960 20.48
9970 24.99
9980 30.08
9990 35.66
10000 39.90
10010 43.97
10020 48.19
10030 48.66
10040 46.83
10050 45.14
10060 42.18
10070 39.33
10080 36.61
10090 34.24
10100 31.99
10110 30.16
10120 28.33
10130 26.80
10140 25.50
10150 24.33
10160 23.32
10170 22.44
10180 24.12
10190 28.60
10200 33.76
10210 39.50
10220 44.96
10230 45.90
10240 46.02
10250 45.04
10260 43.29
10270 41.11
10280 38.67
10290 36.55
10300 34.61
10310 33.00
10320 31.59
10330 30.21
10340 29.42
10350 28.85
10360 28.45
10370 27.63
10380 27.37
10390 26.37
10400 25.70
10410 25.11
10420 24.48
10430 24.08
10440 23.83
10450 23.73
10460 23.40
10470 23.47
10480 23.41
10490 23.28
10500 23.93
10510 24.00
10520 23.89
10530 23.60
10540 23.84
10550 23.93
10560 23.87
10570 23.50
10580 23.37
10590 23.31
10600 23.19
10610 23.13
10620 23.02
10630 22.99
10640 23.02
10650 22.77
10660 22.62
10670 22.62
10680 22.31
10690 22.29
10700 22.28
10710 22.89
10720 22.83
10730 23.20
10740 24.01
10750 24.73
10760 26.03
10770 27.11
10780 28.36
10790 31.03
10800 33.88
10810 33.54
10820 32.00
10830 30.33
10840 28.79
10850 27.49
10860 25.98
10870 24.60
10880 23.45
10890 22.43
10900 21.33
10910 20.27
10920 19.67
10930 19.02
10940 18.54
10950 17.82
10960 17.57
10970 17.90
10980 18.57
10990 19.27
11000 20.37
11010 21.49
11020 22.96
11030 25.32
11040 27.14
11050 29.74
11060 30.65
11070 31.01
11080 30.51
11090 29.96
11100 28.77
11110 27.80
11120 26.79
11130 25.69
11140 24.72
11150 24.40
11160 24.34
11170 24.35
11180 25.66
11190 27.97
11200 31.43
11210 35.24
11220 38.39
11230 40.79
11240 42.83
11250 44.61
11260 44.30
11270 44.29
11280 44.25
11290 42.73
11300 41.45
11310 39.65
11320 38.43
11330 36.52
11340 34.76
11350 33.48
11360 32.53
11370 31.67
11380 31.43
11390 32.03
11400 34.46
11410 37.46
11420 39.96
11430 41.75
11440 43.63
11450 45.20
11460 46.39
11470 47.23
11480 46.60
11490 44.34
11500 41.81
11510 39.81
11520 37.60
11530 35.45
11540 33.31
11550 31.53
11560 29.72
11570 28.00
11580 26.38
11590 25.40
11600 24.97
11610 27.59
11620 30.63
11630 34.36
11640 37.51
11650 41.60
11660 43.90
11670 42.65
11680 40.65
11690 38.31
11700 36.09
11710 33.93
11720 32.15
11730 30.45
11740 28.92
11750 27.71
11760 26.86
11770 26.18
11780 25.59
11790 24.92
11800 24.42
11810 23.71
11820 22.92
11830 22.53
11840 22.15
11850 21.59
11860 21.06
11870 20.67
11880 20.35
11890 19.71
11900 19.49
11910 19.30
11920 18.91
11930 19.00
11940 18.96
11950 18.75
11960 18.93
11970 18.97
11980 18.92
11990 18.82
12000 18.99
12010 19.14
12020 19.66
12030 20.00
12040 20.69
12050 21.58
12060 22.31
12070 24.58
12080 25.61
12090 27.31
12100 28.60
12110 28.56
12120 28.82
12130 29.80
12140 30.44
12150 32.37
12160 31.77
12170 30.74
12180 29.61
12190 28.41
12200 27.50
12210 26.43
12220 25.50
12230 24.46
12240 23.56
12250 22.53
12260 21.69
12270 20.99
12280 20.14
12290 19.62
12300 19.07
12310 18.54
12320 18.08
12330 18.07
12340 18.06
12350 18.41
12360 18.73
12370 19.39
12380 20.50
12390 22.20
12400 23.60
12410 25.98
12420 28.42
12430 29.52
12440 30.07
12450 29.60
12460 29.35
12470 28.87
12480 27.95
12490 27.22
12500 26.46
12510 25.80
12520 25.32
12530 24.96
12540 24.60
12550 24.26
12560 23.92
12570 24.08
12580 24.49
12590 24.40
12600 25.67
12610 26.40
12620 28.53
12630 31.32
12640 35.61
12650 39.65
12660 42.63
12670 46.23
12680 47.71
12690 46.78
12700 44.38
12710 41.71
12720 39.02
12730 36.63
12740 34.31
12750 32.27
12760 30.41
12770 28.74
12780 27.35
12790 25.92
12800 25.04
12810 24.33
12820 25.58
12830 27.96
12840 31.27
12850 33.09
12860 36.15
12870 39.77
12880 42.35
12890 45.53
12900 50.99
12910 53.21
12920 54.09
12930 52.91
12940 51.32
12950 49.06
12960 47.26
12970 45.90
12980 45.03
12990 45.77
13000 50.08
13010 48.47
13020 45.57
13030 42.74
13040 40.19
13050 37.53
13060 35.08
13070 32.89
13080 30.90
13090 29.12
13100 27.45
13110 26.06
13120 24.74
13130 23.54
13140 22.64
13150 22.11
13160 24.66
13170 27.59
13180 30.07
13190 32.87
13200 35.76
13210 38.97
13220 41.98
13230 44.98
13240 44.50
13250 42.73
13260 40.91
13270 38.75
13280 36.71
13290 34.83
13300 33.18
13310 31.88
13320 30.64
13330 29.90
13340 29.85
13350 30.03
13360 30.82
13370 32.59
13380 33.57
13390 37.14
13400 41.36
13410 43.75
13420 42.88
13430 40.84
13440 38.39
13450 36.03
13460 33.85
13470 32.12
13480 30.29
13490 28.70
13500 27.24
13510 26.14
13520 24.73
13530 23.69
13540 22.65
13550 22.07
13560 21.76
13570 22.57
13580 24.86
13590 27.27
13600 31.14
13610 35.00
13620 37.05
13630 38.47
13640 41.56
13650 44.94
13660 46.57
13670 47.81
13680 48.09
13690 47.83
13700 45.43
13710 42.85
13720 40.44
13730 38.22
13740 36.48
13750 35.31
13760 34.42
13770 33.22
13780 32.21
13790 31.01
13800 29.78
13810 28.59
13820 27.36
13830 26.35
13840 25.69
13850 26.12
13860 27.19
13870 30.21
13880 32.32
13890 36.47
13900 39.12
13910 42.14
13920 44.79
13930 47.61
13940 49.47
13950 49.95
13960 52.47
13970 52.84
13980 51.92
13990 54.79
14000 55.73
14010 53.81
14020 50.87
14030 48.11
14040 45.02
14050 42.24
14060 40.06
14070 37.96
14080 36.27
14090 34.63
14100 32.99
14110 32.22
14120 31.15
14130 30.20
14140 29.25
14150 28.62
14160 29.26
14170 32.73
14180 36.77
14190 44.05
14200 46.38
14210 48.45
14220 52.54
14230 54.99
14240 58.99
14250 60.34
14260 58.37
14270 56.40
14280 54.41
14290 53.66
14300 53.23
14310 53.46
14320 53.61
14330 55.64
14340 54.52
14350 51.53
14360 48.56
14370 45.80
14380 43.33
14390 40.93
14400 38.58
14410 36.66
14420 34.79
14430 33.11
14440 31.21
14450 29.81
14460 28.52
14470 27.44
14480 26.56
14490 25.90
14500 26.17
14510 26.90
14520 27.63
14530 30.60
14540 39.20
14550 45.39
14560 50.39
14570 53.78
14580 55.11
14590 54.70
14600 51.94
14610 48.75
14620 45.45
14630 42.22
14640 39.54
14650 36.96
14660 34.74
14670 32.59
14680 30.84
14690 29.04
14700 27.79
14710 27.25
14720 27.83
14730 30.24
14740 37.05
14750 44.72
14760 49.36
14770 53.99
14780 56.59
14790 59.32
14800 59.52
14810 55.99
14820 52.16
14830 48.76
14840 45.94
14850 43.36
14860 40.91
14870 38.97
14880 37.50
14890 36.37
14900 37.15
14910 41.33
14920 44.56
14930 48.79
14940 50.58
14950 48.52
14960 45.69
14970 43.07
14980 40.52
14990 37.84
15000 35.61
15010 33.34
15020 31.33
15030 29.63
15040 27.97
15050 26.59
15060 25.26
15070 24.23
15080 23.71
15090 25.01
15100 30.04
15110 35.92
15120 41.84
15130 45.52
15140 46.90
15150 47.73
15160 50.12
15170 52.04
15180 54.57
15190 55.08
15200 54.91
15210 55.13
15220 55.15
15230 55.90
15240 58.96
15250 59.45
15260 60.83
15270 60.73
15280 60.48
15290 59.26
15300 58.65
15310 56.34
15320 53.26
15330 50.10
15340 47.39
15350 44.65
15360 42.58
15370 40.28
15380 37.96
15390 38.02
15400 39.32
15410 41.34
15420 43.10
15430 45.11
15440 49.42
15450 52.74
15460 57.34
15470 59.79
15480 61.71
15490 62.53
15500 63.53
15510 62.99
15520 61.88
15530 59.67
15540 57.03
15550 55.08
15560 55.24
15570 56.45
15580 58.39
15590 60.86
15600 63.90
15610 65.80
15620 66.44
15630 66.53
15640 68.03
15650 68.18
15660 67.37
15670 65.64
15680 63.64
15690 59.86
15700 55.55
15710 51.38
15720 47.63
15730 44.26
15740 41.48
15750 38.70
15760 36.22
15770 35.90
15780 38.87
15790 41.63
15800 43.34
15810 44.84
15820 46.10
15830 48.48
15840 50.16
15850 52.70
15860 55.36
15870 56.61
15880 58.41
15890 60.76
15900 60.96
15910 60.34
15920 57.98
15930 54.92
15940 51.36
15950 47.80
15960 44.24
15970 41.15
15980 38.30
15990 35.80
16000 33.72
16010 32.96
16020 36.47
16030 42.08
16040 44.68
16050 47.41
16060 51.04
16070 52.78
16080 55.09
16090 56.74
16100 58.35
16110 63.65
16120 64.58
16130 65.48
16140 66.06
16150 65.38
16160 63.12
16170 59.76
16180 55.65
16190 51.50
16200 47.74
16210 44.32
16220 41.34
16230 38.47
16240 36.10
16250 33.89
16260 32.81
16270 35.46
16280 39.43
16290 40.69
16300 42.46
16310 44.06
16320 46.75
16330 49.36
16340 52.57
16350 55.14
16360 56.77
16370 59.08
16380 61.17
16390 62.19
16400 62.64
16410 62.51
16420 63.14
16430 61.56
16440 59.08
16450 55.61
16460 52.31
16470 48.56
16480 45.49
16490 42.41
16500 39.76
16510 37.18
16520 35.05
16530 33.37
16540 33.53
16550 38.06
16560 40.61
16570 42.16
16580 44.17
16590 49.05
16600 52.85
16610 53.88
16620 55.19
16630 55.82
16640 58.68
16650 59.55
16660 58.98
16670 57.63
16680 56.02
16690 54.53
16700 53.20
16710 51.09
16720 50.17
16730 49.22
16740 49.56
16750 50.51
16760 51.90
16770 52.63
16780 54.00
16790 55.54
16800 57.95
16810 59.96
16820 61.07
16830 63.50
16840 64.68
16850 65.89
16860 66.23
16870 66.03
16880 64.68
16890 63.05
16900 59.88
16910 56.46
16920 52.83
16930 49.67
16940 46.59
16950 43.93
16960 41.27
16970 39.21
16980 39.66
16990 42.03
17000 43.96
17010 44.91
17020 45.96
17030 46.30
17040 46.51
17050 47.79
17060 50.55
17070 53.90
17080 58.07
17090 58.85
17100 56.75
17110 53.83
17120 50.60
17130 47.59
17140 44.83
17150 42.24
17160 39.89
17170 37.89
17180 35.87
17190 33.97
17200 32.29
17210 30.58
17220 28.97
17230 27.60
17240 26.37
17250 25.23
17260 24.28
17270 23.62
17280 22.79
17290 22.23
17300 21.96
17310 22.00
17320 21.98
17330 24.59
17340 25.51
17350 30.69
17360 30.53
17370 31.83
17380 30.82
17390 30.14
17400 35.64
17410 37.22
17420 39.75
17430 44.06
17440 45.11
17450 45.31
17460 44.56
17470 42.73
17480 40.20
17490 37.75
17500 35.36
17510 33.32
17520 31.34
17530 30.85
17540 32.95
17550 35.02
17560 36.70
17570 38.63
17580 40.39
17590 42.21
17600 45.04
17610 47.45
17620 48.73
17630 50.54
17640 51.51
17650 51.48
17660 50.22
17670 48.17
17680 45.35
17690 42.56
17700 40.72
17710 39.50
17720 39.73
17730 40.93
17740 41.96
17750 43.12
17760 44.29
17770 45.26
17780 46.54
17790 48.43
17800 49.22
17810 49.43
17820 49.05
17830 48.84
17840 48.12
17850 47.86
17860 47.63
17870 47.28
17880 46.97
17890 47.01
17900 46.90
17910 47.44
17920 47.82
17930 48.25
17940 49.23
17950 49.06
17960 49.25
17970 48.59
17980 47.54
17990 46.08
18000 43.84
18010 42.09
18020 41.94
18030 41.51
18040 41.79
18050 42.01
18060 42.38
18070 43.64
18080 46.13
18090 48.60
18100 51.21
18110 49.77
18120 48.03
18130 45.60
18140 43.25
18150 41.13
18160 38.93
18170 36.71
18180 34.97
18190 33.17
18200 31.48
18210 30.14
18220 28.78
18230 27.61
18240 26.51
18250 25.65
18260 24.64
18270 23.98
18280 22.86
18290 22.06
18300 21.39
18310 20.95
18320 20.49
18330 20.16
18340 19.83
18350 19.43
18360 19.55
18370 20.01
18380 21.01
18390 22.32
18400 25.46
18410 26.82
18420 29.51
18430 33.71
18440 33.53
18450 35.24
18460 36.15
18470 36.01
18480 36.26
18490 40.60
18500 45.39
18510 45.95
18520 43.84
18530 41.24
18540 38.57
18550 36.32
18560 34.40
18570 32.47
18580 31.17
18590 29.81
18600 28.58
18610 29.96
18620 32.30
18630 34.39
18640 36.17
18650 37.94
18660 39.55
18670 40.71
18680 42.16
18690 42.85
18700 44.00
18710 43.93
18720 42.58
18730 41.08
18740 38.28
18750 35.89
18760 34.12
18770 34.71
18780 36.25
18790 37.82
18800 39.29
18810 40.20
18820 41.19
18830 42.21
18840 42.94
18850 43.16
18860 42.99
18870 42.32
18880 41.66
18890 41.01
18900 40.96
18910 40.98
18920 40.73
18930 40.88
18940 40.26
18950 40.97
18960 41.06
18970 40.89
18980 40.32
18990 40.10
19000 40.88
19010 41.38
19020 41.44
19030 41.06
19040 40.52
19050 39.66
19060 40.13
19070 40.47
19080 39.79
19090 39.01
19100 38.15
19110 37.35
19120 36.18
19130 37.22
19140 39.89
19150 42.30
19160 45.35
19170 47.61
19180 50.22
19190 51.27
19200 52.17
19210 53.35
19220 55.41
19230 55.40
19240 54.34
19250 51.50
19260 48.53
19270 45.69
19280 43.16
19290 40.88
19300 38.63
19310 36.69
19320 34.90
19330 33.41
19340 31.82
19350 30.66
19360 29.57
19370 28.13
19380 27.18
19390 25.94
19400 25.23
19410 24.42
19420 24.76
19430 24.85
19440 23.96
19450 24.34
19460 24.29
19470 24.24
19480 24.68
19490 24.69
19500 24.00
19510 24.78
19520 24.52
19530 25.36
19540 26.93
19550 29.64
19560 31.85
19570 30.83
19580 29.90
19590 28.75
19600 27.40
19610 26.32
19620 25.18
19630 24.19
19640 23.34
19650 22.47
19660 21.94
19670 21.77
19680 21.29
19690 21.11
19700 20.93
19710 21.10
19720 24.42
19730 32.21
19740 39.32
19750 43.41
19760 46.07
19770 48.54
19780 52.93
19790 54.62
19800 54.13
19810 52.19
19820 50.59
19830 47.97
19840 45.90
19850 44.83
19860 42.70
19870 41.00
19880 39.04
19890 37.04
19900 35.62
19910 34.50
19920 33.00
19930 31.47
19940 30.65
19950 29.73
19960 28.83
19970 29.54
19980 30.56
19990 31.80
20000 31.74
20010 32.46
20020 33.64
20030 34.11
20040 35.28
20050 37.86
20060 39.34
20070 39.02
20080 37.97
20090 36.87
20100 35.49
20110 33.99
20120 32.18
20130 30.49
20140 29.13
20150 27.68
20160 26.49
20170 25.19
20180 24.03
20190 23.22
20200 22.34
20210 21.30
20220 20.69
20230 20.32
20240 19.88
20250 19.28
20260 18.71
20270 18.17
20280 17.90
20290 17.67
20300 17.27
20310 17.17
20320 16.89
20330 17.38
20340 17.94
20350 17.83
20360 19.05
20370 19.77
20380 20.51
20390 21.32
20400 22.42
20410 22.25
20420 22.05
20430 21.85
20440 22.26
20450 21.90
20460 21.86
20470 21.48
20480 21.88
20490 22.74
20500 23.24
20510 23.41
20520 23.89
20530 24.90
20540 26.07
20550 27.29
20560 30.54
20570 35.26
20580 37.75
20590 38.42
20600 37.84
20610 36.71
20620 35.48
20630 33.92
20640 32.52
20650 31.52
20660 30.16
20670 28.89
20680 27.70
20690 26.26
20700 24.98
20710 23.82
20720 22.73
20730 21.82
20740 21.21
20750 20.54
20760 20.10
20770 19.38
20780 19.03
20790 18.69
20800 18.42
20810 18.31
20820 18.46
20830 18.38
20840 18.13
20850 18.32
20860 18.94
20870 20.99
20880 21.75
20890 22.80
20900 23.35
20910 23.69
20920 23.42
20930 23.05
20940 22.65
20950 22.09
20960 21.42
20970 20.92
20980 20.39
20990 19.79
21000 19.15
21010 18.88
21020 18.40
21030 18.16
21040 17.92
21050 17.70
21060 17.80
21070 17.94
21080 19.47
21090 24.42
21100 32.65
21110 38.35
21120 38.97
21130 38.10
21140 36.69
21150 35.61
21160 33.94
21170 32.01
21180 30.54
21190 29.03
21200 27.71
21210 26.63
21220 25.48
21230 24.49
21240 23.70
21250 23.02
21260 22.36
21270 21.70
21280 21.21
21290 20.90
21300 20.79
21310 20.96
21320 23.31
21330 25.97
21340 30.07
21350 34.09
21360 36.20
21370 38.41
21380 41.69
21390 44.87
21400 47.00
21410 48.54
21420 48.38
21430 49.00
21440 47.92
21450 46.68
21460 45.61
21470 44.11
21480 42.47
21490 40.64
21500 38.46
21510 36.59
21520 34.77
21530 33.01
21540 31.40
21550 29.74
21560 28.07
21570 26.79
21580 25.78
21590 24.67
21600 23.57
21610 22.81
21620 22.17
21630 22.19
21640 22.69
21650 22.26
21660 22.07
21670 23.58
21680 24.54
21690 24.52
21700 25.02
21710 25.93
21720 26.18
21730 27.11
21740 26.60
21750 25.87
21760 25.65
21770 24.90
21780 24.16
21790 23.16
21800 22.33
21810 21.62
21820 20.80
21830 20.04
21840 19.50
21850 18.99
21860 18.52
21870 18.11
21880 17.98
21890 17.95
21900 18.10
21910 19.00
21920 20.31
21930 22.40
21940 23.62
21950 25.59
21960 28.25
21970 32.08
21980 37.23
21990 39.14
22000 38.74
22010 37.44
22020 36.52
22030 34.77
22040 33.31
22050 31.90
22060 30.60
22070 29.23
22080 27.93
22090 26.97
22100 25.98
22110 25.45
22120 25.25
22130 27.38
22140 31.55
22150 33.77
22160 35.08
22170 35.72
22180 36.50
22190 36.48
22200 35.76
22210 35.07
22220 33.78
22230 32.61
22240 31.31
22250 30.12
22260 28.84
22270 27.86
22280 26.74
22290 25.86
22300 24.91
22310 24.33
22320 24.29
22330 25.94
22340 27.18
22350 30.73
22360 35.72
22370 41.27
22380 40.74
22390 39.00
22400 37.44
22410 35.81
22420 34.11
22430 32.26
22440 30.55
22450 28.96
22460 27.61
22470 26.37
22480 25.29
22490 24.24
22500 23.41
22510 22.54
22520 21.80
22530 21.36
22540 20.85
22550 20.59
22560 20.64
22570 24.83
22580 30.37
22590 35.57
22600 39.66
22610 41.03
22620 43.01
22630 43.29
22640 43.59
22650 43.81
22660 42.95
22670 42.21
22680 40.33
22690 38.60
22700 36.73
22710 35.25
22720 33.97
22730 32.57
22740 31.08
22750 29.78
22760 28.46
22770 27.37
22780 26.08
22790 25.22
22800 24.27
22810 23.33
22820 22.24
22830 21.49
22840 20.95
22850 20.49
22860 20.68
22870 20.81
22880 21.12
22890 22.44
22900 24.55
22910 27.32
22920 29.15
22930 33.91
22940 37.97
22950 38.88
22960 37.51
22970 36.10
22980 34.60
22990 33.14
23000 31.96
23010 30.66
23020 29.49
23030 28.00
23040 26.62
23050 25.71
23060 24.58
23070 23.45
23080 22.45
23090 21.54
23100 20.70
23110 20.15
23120 19.36
23130 18.89
23140 18.48
23150 17.95
23160 17.79
23170 17.43
23180 17.50
23190 18.07
23200 18.35
23210 19.31
23220 20.71
23230 22.76
23240 29.26
23250 33.09
23260 36.30
23270 37.74
23280 37.75
23290 37.25
23300 36.76
23310 36.23
23320 34.94
23330 33.55
23340 32.06
23350 30.60
23360 29.43
23370 28.42
23380 27.14
23390 26.14
23400 25.19
23410 24.34
23420 23.87
23430 23.12
23440 22.89
23450 22.74
23460 25.41
23470 26.50
23480 26.95
23490 26.87
23500 26.50
23510 25.91
23520 25.35
23530 24.86
23540 24.15
23550 23.25
23560 22.37
23570 21.60
23580 20.76
23590 20.22
23600 19.68
23610 19.18
23620 18.79
23630 18.40
23640 18.31
23650 18.31
23660 18.93
23670 19.91
23680 21.20
23690 24.26
23700 29.04
23710 31.83
23720 32.88
23730 33.09
23740 32.58
23750 31.82
23760 30.82
23770 29.52
23780 28.24
23790 26.95
23800 25.85
23810 24.84
23820 23.82
23830 22.85
23840 22.08
23850 21.26
23860 20.60
23870 19.95
23880 19.50
23890 19.11
23900 18.97
23910 19.95
23920 24.53
23930 27.67
23940 30.40
23950 32.90
23960 33.70
23970 33.97
23980 32.93
23990 33.16
24000 32.91
24010 31.99
24020 31.61
24030 31.59
24040 30.45
24050 29.60
24060 28.29
24070 27.53
24080 27.21
24090 26.61
24100 26.07
24110 25.97
24120 25.95
24130 26.38
24140 27.84
24150 31.84
24160 32.96
24170 33.23
24180 32.52
24190 31.68
24200 30.62
24210 29.65
24220 28.75
24230 27.66
24240 26.32
24250 25.14
24260 24.19
24270 23.19
24280 22.34
24290 21.54
24300 20.78
24310 20.25
24320 19.70
24330 19.23
24340 19.12
24350 18.93
24360 20.27
24370 22.44
24380 26.53
24390 31.26
24400 34.69
24410 35.72
24420 35.65
24430 36.30
24440 35.68
24450 34.36
24460 33.24
24470 32.34
24480 31.23
24490 30.13
24500 29.07
24510 28.13
24520 27.10
24530 26.18
24540 25.31
24550 24.87
24560 24.28
24570 24.45
24580 25.39
24590 26.89
24600 29.12
24610 31.45
24620 31.83
24630 31.21
24640 30.31
24650 29.28
24660 28.10
24670 27.34
24680 26.51
24690 25.52
24700 24.79
24710 23.72
24720 22.77
24730 21.81
24740 21.04
24750 20.42
24760 19.80
24770 19.24
24780 19.02
24790 18.70
24800 18.27
24810 18.16
24820 18.09
24830 18.58
24840 19.34
24850 25.73
24860 32.57
24870 36.92
24880 40.31
24890 44.77
24900 46.52
24910 46.14
24920 45.95
24930 44.32
24940 42.38
24950 40.45
24960 38.27
24970 36.44
24980 34.58
24990 32.79
25000 31.09
25010 29.58
25020 28.02
25030 26.71
25040 25.49
25050 24.17
25060 23.12
25070 22.12
25080 21.06
25090 20.46
25100 19.73
25110 19.36
25120 18.85
25130 18.48
25140 18.56
25150 19.86
25160 19.91
25170 20.22
25180 20.56
25190 20.66
25200 20.79
25210 20.73
25220 20.74
25230 20.66
25240 20.56
25250 20.26
25260 19.96
25270 19.39
25280 19.03
25290 18.71
25300 18.60
25310 18.35
25320 18.21
25330 18.53
25340 18.65
25350 19.44
25360 20.47
25370 22.29
25380 23.90
25390 28.65
25400 34.65
25410 44.69
25420 54.46
25430 58.31
25440 58.52
25450 58.18
25460 55.77
25470 52.51
25480 49.34
25490 46.32
25500 43.18
25510 40.80
25520 38.20
25530 35.83
25540 33.75
25550 31.66
25560 29.76
25570 28.20
25580 26.86
25590 25.67
25600 24.57
25610 23.46
25620 22.46
25630 21.68
25640 21.76
25650 21.61
25660 21.16
25670 22.06
25680 22.02
25690 22.79
25700 23.80
25710 24.31
25720 24.77
25730 25.23
25740 25.79
25750 25.47
25760 24.74
25770 24.36
25780 23.65
25790 23.05
25800 22.46
25810 21.77
25820 21.26
25830 20.60
25840 20.58
25850 20.13
25860 19.96
25870 19.62
25880 19.49
25890 19.59
25900 19.91
25910 20.54
25920 23.12
25930 27.48
25940 36.25
25950 42.23
25960 43.74
25970 44.30
25980 44.74
25990 42.83
26000 41.14
26010 39.45
26020 37.64
26030 36.07
26040 35.49
26050 34.56
26060 33.26
26070 33.13
26080 35.22
26090 39.58
26100 42.31
26110 45.17
26120 49.22
26130 50.81
26140 51.17
26150 50.56
26160 50.25
26170 48.11
26180 45.77
26190 43.62
26200 41.25
26210 39.18
26220 37.39
26230 35.47
26240 33.89
26250 32.66
26260 31.34
26270 30.19
26280 29.42
26290 28.42
26300 28.20
26310 28.00
26320 28.50
26330 29.41
26340 31.35
26350 34.64
26360 36.15
26370 35.59
26380 34.45
26390 33.07
26400 32.01
26410 30.90
26420 29.48
26430 28.29
26440 27.36
26450 26.50
26460 25.31
26470 24.47
26480 23.87
26490 23.12
26500 22.20
26510 21.32
26520 20.71
26530 20.07
26540 19.75
26550 19.42
26560 19.20
26570 20.06
26580 20.76
26590 24.76
26600 30.09
26610 34.96
26620 39.41
26630 43.94
26640 47.73
26650 49.59
26660 48.17
26670 46.53
26680 44.05
26690 42.08
26700 40.24
26710 38.56
26720 37.07
26730 35.91
26740 34.18
26750 32.66
26760 31.11
26770 29.65
26780 28.37
26790 26.96
26800 25.72
26810 24.84
26820 24.17
26830 23.38
26840 23.18
26850 22.89
26860 23.66
26870 23.74
26880 24.30
26890 25.02
26900 26.38
26910 27.79
26920 29.50
26930 30.03
26940 32.99
26950 32.24
26960 31.96
26970 30.91
26980 31.32
26990 30.10
27000 28.57
27010 27.77
27020 26.88
27030 25.68
27040 24.96
27050 23.86
27060 23.25
27070 22.17
27080 21.59
27090 20.93
27100 20.25
27110 19.70
27120 18.95
27130 18.93
27140 18.35
27150 18.28
27160 18.01
27170 17.52
27180 17.40
27190 17.38
27200 17.42
27210 17.21
27220 17.51
27230 17.38
27240 17.29
27250 17.15
27260 17.04
27270 16.96
27280 17.14
27290 17.05
27300 17.08
27310 17.17
27320 17.62
27330 18.04
27340 18.03
27350 18.29
27360 18.15
27370 18.15
27380 18.12
27390 18.24
27400 18.16
27410 18.14
27420 18.80
27430 19.78
27440 20.50
27450 21.19
27460 21.90
27470 22.38
27480 22.71
27490 22.92
27500 23.60
27510 24.10
27520 25.38
27530 27.68
27540 32.77
27550 38.90
27560 45.06
27570 50.57
27580 54.53
27590 53.07
27600 53.00
27610 52.10
27620 49.26
27630 47.20
27640 45.17
27650 42.96
27660 40.32
27670 38.12
27680 35.99
27690 34.11
27700 32.40
27710 31.19
27720 29.76
27730 28.44
27740 28.61
27750 28.27
27760 27.16
27770 26.65
27780 27.25
27790 27.37
27800 27.13
27810 27.51
27820 27.48
27830 27.44
27840 26.79
27850 26.32
27860 25.70
27870 25.36
27880 24.78
27890 24.18
27900 23.87
27910 23.48
27920 22.73
27930 22.17
27940 21.79
27950 21.13
27960 20.59
27970 19.91
27980 19.29
27990 19.07
28000 18.70
28010 18.31
28020 18.33
28030 18.21
28040 18.14
28050 18.93
28060 19.57
28070 20.78
28080 23.86
28090 29.87
28100 35.88
28110 40.63
28120 42.60
28130 48.16
28140 53.68
28150 58.00
28160 55.46
28170 52.28
28180 49.13
28190 46.11
28200 43.40
28210 40.77
28220 38.43
28230 36.24
28240 34.07
28250 32.18
28260 30.43
28270 28.92
28280 27.51
28290 26.29
28300 25.24
28310 24.29
28320 23.37
28330 22.50
28340 21.77
28350 21.30
28360 21.35
28370 21.41
28380 22.21
28390 22.96
28400 25.69
28410 27.66
28420 28.47
28430 28.58
28440 28.05
28450 27.21
28460 26.42
28470 25.79
28480 24.97
28490 24.15
28500 23.36
28510 22.60
28520 21.91
28530 21.39
28540 20.95
28550 20.42
28560 19.95
28570 19.65
28580 19.48
28590 19.57
28600 20.13
28610 21.20
28620 23.02
28630 24.65
28640 26.93
28650 30.84
28660 34.29
28670 38.96
28680 40.64
28690 40.99
28700 40.94
28710 41.25
28720 40.49
28730 39.67
28740 39.76
28750 40.54
28760 42.69
28770 44.35
28780 46.16
28790 47.76
28800 49.71
28810 52.58
28820 53.02
28830 50.65
28840 47.98
28850 45.22
28860 42.54
28870 40.09
28880 38.01
28890 36.27
28900 34.61
28910 32.91
28920 31.59
28930 30.44
28940 29.11
28950 28.12
28960 27.59
28970 27.93
28980 28.47
28990 31.36
29000 34.90
29010 40.18
29020 40.48
29030 39.31
29040 38.00
29050 36.45
29060 35.22
29070 33.62
29080 32.25
29090 30.76
29100 29.76
29110 28.59
29120 27.29
29130 26.37
29140 25.34
29150 24.36
29160 23.60
29170 22.91
29180 22.16
29190 21.66
29200 21.22
29210 21.36
29220 21.34
29230 21.46
29240 21.78
29250 22.24
29260 26.25
29270 30.15
29280 34.56
29290 40.00
29300 40.60
29310 40.07
29320 38.83
29330 37.33
29340 35.94
29350 34.18
29360 32.41
29370 30.87
29380 29.46
29390 28.32
29400 27.06
29410 25.83
29420 24.71
29430 23.66
29440 22.72
29450 22.00
29460 21.32
29470 20.57
29480 20.20
29490 19.59
29500 19.29
29510 19.37
29520 19.94
29530 22.09
29540 27.79
29550 34.01
29560 41.03
29570 45.81
29580 48.25
29590 49.35
29600 49.17
29610 47.65
29620 45.87
29630 44.57
29640 42.89
29650 40.80
29660 38.98
29670 37.15
29680 35.56
29690 34.12
29700 32.73
29710 31.44
29720 30.12
29730 29.64
29740 29.28
29750 29.70
29760 31.26
29770 33.22
29780 33.12
29790 32.45
29800 31.46
29810 30.57
29820 29.85
29830 29.33
29840 28.62
29850 27.94
29860 27.30
29870 26.38
29880 25.79
29890 24.90
29900 23.94
29910 23.14
29920 22.27
29930 21.52
29940 21.07
29950 20.64
29960 20.01
29970 19.50
29980 19.06
29990 19.01
