0 26.00
10 25.24
20 24.43
30 23.89
40 23.61
50 23.25
60 22.94
70 23.09
80 22.61
90 22.58
100 21.98
110 21.88
120 21.83
130 21.85
140 21.85
150 22.38
160 22.16
170 22.60
180 22.60
190 22.64
200 21.86
210 22.19
220 21.62
230 21.37
240 21.43
250 20.97
260 20.82
270 20.84
280 20.35
290 20.57
300 20.72
310 20.29
320 20.11
330 20.19
340 20.34
350 21.38
360 21.73
370 21.35
380 22.41
390 22.36
400 22.33
410 22.21
420 22.09
430 21.84
440 21.31
450 20.45
460 20.11
470 20.16
480 19.72
490 19.90
500 19.83
510 19.14
520 19.05
530 18.97
540 18.89
550 19.20
560 18.98
570 18.84
580 18.51
590 18.24
600 18.01
610 17.79
620 17.50
630 17.57
640 17.01
650 16.76
660 16.81
670 16.66
680 16.48
690 16.03
700 15.73
710 15.40
720 15.47
730 15.42
740 15.53
750 15.55
760 15.60
770 15.77
780 15.90
790 16.04
800 16.85
810 17.58
820 18.54
830 19.06
840 19.29
850 20.24
860 20.76
870 20.99
880 21.06
890 21.10
900 21.22
910 20.93
920 20.76
930 20.44
940 20.53
950 20.47
960 20.72
970 20.97
980 21.37
990 21.27
1000 21.29
1010 21.14
1020 20.83
1030 20.48
1040 20.30
1050 20.32
1060 20.41
1070 20.38
1080 20.37
1090 20.57
1100 20.61
1110 20.33
1120 19.95
1130 19.60
1140 19.11
1150 18.82
1160 18.29
1170 17.85
1180 17.53
1190 17.22
1200 17.00
1210 16.75
1220 16.48
1230 16.26
1240 16.03
1250 15.89
1260 16.31
1270 16.30
1280 16.81
1290 16.86
1300 16.91
1310 17.01
1320 17.50
1330 17.58
1340 17.83
1350 17.86
1360 17.58
1370 17.70
1380 18.20
1390 18.58
1400 18.73
1410 18.65
1420 18.49
1430 18.19
1440 18.00
1450 17.87
1460 18.03
1470 17.92
1480 17.73
1490 17.57
1500 17.42
1510 17.32
1520 17.23
1530 17.23
1540 17.24
1550 17.03
1560 16.92
1570 17.19
1580 17.12
1590 17.33
1600 17.31
1610 17.62
1620 17.61
1630 17.60
1640 17.98
1650 18.09
1660 18.34
1670 18.57
1680 18.52
1690 18.62
1700 18.81
1710 18.82
1720 18.92
1730 18.96
1740 18.86
1750 19.02
1760 19.24
1770 19.31
1780 19.58
1790 19.00
1800 18.90
1810 18.63
1820 18.45
1830 18.53
1840 18.87
1850 18.88
1860 19.34
1870 19.41
1880 18.89
1890 18.25
1900 17.61
1910 17.10
1920 16.60
1930 16.27
1940 15.89
1950 15.49
1960 15.21
1970 14.89
1980 14.64
1990 14.39
2000 14.01
2010 13.84
2020 13.46
2030 13.33
2040 13.13
2050 12.96
2060 12.69
2070 12.54
2080 12.49
2090 12.44
2100 12.51
2110 12.41
2120 12.33
2130 12.28
2140 12.28
2150 12.24
2160 12.30
2170 12.30
2180 12.48
2190 12.72
2200 13.05
2210 13.20
2220 13.76
2230 14.35
2240 14.35
2250 14.17
2260 14.21
2270 14.59
2280 15.15
2290 15.76
2300 16.35
2310 17.06
2320 17.50
2330 18.51
2340 20.06
2350 21.85
2360 22.46
2370 23.05
2380 23.14
2390 23.89
2400 25.24
2410 26.98
2420 29.64
2430 29.59
2440 28.94
2450 29.97
2460 28.88
2470 28.00
2480 27.55
2490 26.46
2500 25.23
2510 24.15
2520 23.11
2530 22.59
2540 21.93
2550 21.53
2560 20.84
2570 20.47
2580 19.95
2590 19.96
2600 20.31
2610 20.34
2620 20.83
2630 21.04
2640 20.57
2650 20.40
2660 20.21
2670 19.91
2680 19.79
2690 20.02
2700 20.46
2710 20.50
2720 20.81
2730 20.58
2740 20.48
2750 20.39
2760 20.48
2770 20.68
2780 21.12
2790 21.43
2800 21.71
2810 22.41
2820 22.80
2830 23.37
2840 23.84
2850 24.96
2860 25.58
2870 24.93
2880 24.30
2890 23.75
2900 23.45
2910 24.28
2920 24.47
2930 24.25
2940 23.94
2950 23.72
2960 23.79
2970 23.61
2980 23.37
2990 22.92
3000 22.72
3010 22.09
3020 21.81
3030 21.55
3040 22.72
3050 24.08
3060 25.70
3070 28.58
3080 31.80
3090 33.38
3100 36.32
3110 39.47
3120 41.16
3130 43.65
3140 45.72
3150 47.74
3160 47.60
3170 45.80
3180 44.68
3190 42.59
3200 40.92
3210 39.12
3220 37.09
3230 35.77
3240 37.27
3250 37.10
3260 35.18
3270 33.42
3280 31.86
3290 31.46
3300 31.46
3310 30.96
3320 30.29
3330 29.56
3340 28.49
3350 28.17
3360 27.73
3370 26.89
3380 25.88
3390 25.83
3400 25.51
3410 25.55
3420 25.06
3430 24.48
3440 24.46
3450 24.04
3460 23.88
3470 23.87
3480 23.98
3490 24.31
3500 24.51
3510 24.15
3520 24.44
3530 24.83
3540 24.85
3550 24.14
3560 23.69
3570 23.56
3580 23.19
3590 22.66
3600 22.33
3610 22.00
3620 21.52
3630 20.88
3640 20.28
3650 19.81
3660 19.28
3670 18.44
3680 17.77
3690 17.16
3700 16.58
3710 15.91
3720 15.28
3730 14.75
3740 14.25
3750 14.15
3760 13.84
3770 13.91
3780 14.12
3790 14.22
3800 14.23
3810 14.30
3820 14.28
3830 14.22
3840 14.00
3850 13.91
3860 13.88
3870 13.70
3880 13.57
3890 13.53
3900 13.42
3910 13.47
3920 13.22
3930 13.29
3940 13.57
3950 13.53
3960 13.83
3970 14.13
3980 14.46
3990 14.92
4000 15.51
4010 16.05
4020 16.40
4030 16.94
4040 17.19
4050 17.41
4060 17.68
4070 17.87
4080 17.98
4090 17.98
4100 18.49
4110 18.78
4120 19.21
4130 19.24
4140 19.10
4150 18.77
4160 18.98
4170 18.35
4180 18.19
4190 17.76
4200 17.96
4210 18.10
4220 18.14
4230 18.72
4240 18.86
4250 18.85
4260 18.94
4270 19.03
4280 19.20
4290 18.82
4300 18.78
4310 18.33
4320 18.13
4330 18.30
4340 18.35
4350 19.07
4360 19.76
4370 20.44
4380 20.44
4390 20.63
4400 20.74
4410 20.68
4420 22.24
4430 22.37
4440 22.47
4450 22.30
4460 21.94
4470 21.81
4480 21.78
4490 21.62
4500 21.20
4510 20.99
4520 20.88
4530 20.65
4540 20.44
4550 20.53
4560 20.49
4570 20.77
4580 20.74
4590 20.61
4600 20.70
4610 20.42
4620 20.19
4630 20.28
4640 20.13
4650 20.31
4660 20.41
4670 20.37
4680 20.52
4690 20.73
4700 20.93
4710 21.21
4720 21.16
4730 21.64
4740 21.65
4750 22.01
4760 21.60
4770 21.37
4780 21.26
4790 21.59
4800 21.65
4810 22.08
4820 22.19
4830 22.25
4840 22.32
4850 21.95
4860 22.91
4870 23.81
4880 24.84
4890 26.39
4900 25.69
4910 25.72
4920 25.25
4930 24.52
4940 24.00
4950 23.18
4960 22.55
4970 21.91
4980 21.17
4990 20.44
5000 20.09
5010 19.87
5020 19.77
5030 19.81
5040 20.57
5050 20.77
5060 20.86
5070 21.13
5080 21.93
5090 21.71
5100 22.45
5110 22.17
5120 21.92
5130 22.77
5140 23.23
5150 23.13
5160 22.71
5170 22.04
5180 21.67
5190 21.27
5200 21.08
5210 20.72
5220 20.31
5230 20.15
5240 20.27
5250 20.24
5260 20.09
5270 19.95
5280 19.79
5290 19.80
5300 19.99
5310 20.14
5320 20.64
5330 20.95
5340 21.16
5350 22.34
5360 22.62
5370 23.28
5380 24.05
5390 24.65
5400 24.27
5410 24.25
5420 23.97
5430 23.87
5440 24.07
5450 23.56
5460 22.94
5470 23.00
5480 23.00
5490 22.86
5500 24.18
5510 24.80
5520 26.15
5530 27.13
5540 27.86
5550 29.37
5560 31.85
5570 32.19
5580 31.40
5590 30.15
5600 29.29
5610 28.68
5620 27.67
5630 26.62
5640 27.60
5650 28.36
5660 27.47
5670 27.85
5680 27.96
5690 27.30
5700 27.03
5710 26.46
5720 25.65
5730 25.11
5740 24.59
5750 24.28
5760 23.94
5770 24.44
5780 24.18
5790 23.98
5800 24.53
5810 29.38
5820 34.39
5830 37.86
5840 37.07
5850 38.85
5860 38.83
5870 38.53
5880 38.21
5890 38.15
5900 38.46
5910 37.78
5920 37.75
5930 36.24
5940 35.46
5950 34.12
5960 33.63
5970 34.32
5980 33.20
5990 33.63
6000 33.22
6010 32.06
6020 31.42
6030 31.47
6040 31.39
6050 30.67
6060 29.79
6070 28.98
6080 28.60
6090 27.65
6100 27.90
6110 27.87
6120 27.87
6130 27.72
6140 27.18
6150 26.64
6160 26.02
6170 25.71
6180 25.39
6190 25.39
6200 24.91
6210 24.36
6220 25.12
6230 26.12
6240 26.67
6250 26.54
6260 26.17
6270 26.53
6280 25.94
6290 25.88
6300 25.55
6310 25.29
6320 25.22
6330 24.82
6340 24.52
6350 24.34
6360 24.99
6370 24.26
6380 23.31
6390 22.45
6400 21.81
6410 22.35
6420 22.51
6430 22.22
6440 23.02
6450 24.52
6460 25.67
6470 26.11
6480 25.63
6490 25.62
6500 26.12
6510 27.02
6520 28.26
6530 29.01
6540 31.43
6550 32.49
6560 33.77
6570 33.74
6580 33.90
6590 34.13
6600 34.74
6610 37.46
6620 36.20
6630 34.91
6640 33.35
6650 32.53
6660 32.01
6670 31.04
6680 31.51
6690 30.94
6700 30.96
6710 30.03
6720 29.95
6730 29.52
6740 29.01
6750 29.02
6760 28.92
6770 29.04
6780 28.88
6790 28.33
6800 27.86
6810 27.86
6820 27.84
6830 27.65
6840 28.01
6850 27.56
6860 27.34
6870 27.30
6880 27.45
6890 27.27
6900 27.54
6910 27.17
6920 26.69
6930 26.78
6940 26.06
6950 26.30
6960 26.51
6970 26.95
6980 27.52
6990 26.98
7000 26.84
7010 26.97
7020 26.50
7030 26.54
7040 26.14
7050 25.90
7060 26.04
7070 27.12
7080 27.39
7090 28.36
7100 27.86
7110 26.77
7120 25.72
7130 24.73
7140 23.86
7150 23.66
7160 23.34
7170 23.07
7180 23.15
7190 22.85
7200 22.88
7210 22.58
7220 22.28
7230 21.89
7240 21.83
7250 21.52
7260 21.57
7270 21.60
7280 22.05
7290 21.85
7300 21.99
7310 22.29
7320 22.07
7330 21.51
7340 20.97
7350 21.13
7360 21.26
7370 21.19
7380 21.11
7390 20.73
7400 20.55
7410 20.53
7420 20.30
7430 20.47
7440 20.63
7450 20.93
7460 21.63
7470 21.66
7480 21.77
7490 21.99
7500 21.50
7510 21.06
7520 20.50
7530 20.11
7540 19.81
7550 19.57
7560 19.44
7570 19.34
7580 19.31
7590 19.44
7600 19.35
7610 19.64
7620 19.81
7630 20.20
7640 20.65
7650 21.19
7660 21.92
7670 21.64
7680 22.02
7690 23.33
7700 23.80
7710 24.82
7720 24.33
7730 23.94
7740 24.34
7750 24.47
7760 24.58
7770 24.59
7780 24.59
7790 24.38
7800 23.78
7810 23.17
7820 23.38
7830 22.97
7840 22.52
7850 22.32
7860 21.91
7870 21.47
7880 21.34
7890 21.26
7900 21.62
7910 21.60
7920 22.13
7930 22.99
7940 24.53
7950 25.21
7960 25.38
7970 25.05
7980 24.97
7990 24.79
8000 24.86
8010 24.50
8020 24.48
8030 24.59
8040 25.67
8050 26.10
8060 25.78
8070 25.70
8080 26.00
8090 25.90
8100 25.78
8110 26.33
8120 26.64
8130 26.43
8140 26.38
8150 26.21
8160 26.47
8170 26.91
8180 27.33
8190 27.91
8200 28.17
8210 27.56
8220 27.43
8230 26.32
8240 26.12
8250 26.53
8260 26.67
8270 26.41
8280 26.61
8290 26.70
8300 26.98
8310 27.40
8320 27.75
8330 27.11
8340 27.29
8350 28.06
8360 28.88
8370 29.40
8380 29.40
8390 29.22
8400 28.49
8410 27.73
8420 26.77
8430 26.11
8440 25.67
8450 25.63
8460 25.29
8470 24.38
8480 23.59
8490 22.94
8500 23.08
8510 22.96
8520 22.61
8530 22.44
8540 22.03
8550 21.45
8560 21.34
8570 20.86
8580 20.54
8590 19.95
8600 19.66
8610 19.68
8620 19.80
8630 19.48
8640 19.54
8650 20.33
8660 21.27
8670 21.30
8680 20.89
8690 21.14
8700 21.20
8710 21.74
8720 22.29
8730 23.05
8740 23.15
8750 23.59
8760 25.51
8770 26.08
8780 26.68
8790 27.20
8800 28.04
8810 27.63
8820 29.08
8830 30.37
8840 32.88
8850 33.73
8860 34.10
8870 33.77
8880 33.39
8890 33.50
8900 34.34
8910 34.18
8920 34.25
8930 34.16
8940 33.66
8950 32.52
8960 31.70
8970 31.76
8980 31.17
8990 30.67
9000 30.70
9010 30.24
9020 29.59
9030 28.36
9040 27.47
9050 27.11
9060 26.84
9070 26.96
9080 27.56
9090 27.22
9100 27.46
9110 27.59
9120 28.06
9130 28.31
9140 28.69
9150 28.65
9160 28.95
9170 29.36
9180 29.78
9190 29.72
9200 29.32
9210 28.32
9220 27.28
9230 26.28
9240 25.39
9250 25.38
9260 24.94
9270 25.12
9280 24.75
9290 23.88
9300 23.55
9310 23.05
9320 23.15
9330 22.87
9340 22.94
9350 21.78
9360 21.85
9370 22.32
9380 22.76
9390 23.51
9400 23.33
9410 23.84
9420 24.16
9430 23.70
9440 23.08
9450 23.62
9460 23.60
9470 23.60
9480 23.27
9490 22.48
9500 22.62
9510 22.56
9520 23.00
9530 23.37
9540 24.84
9550 25.66
9560 26.12
9570 25.89
9580 25.81
9590 25.25
9600 25.10
9610 25.07
9620 24.15
9630 24.01
9640 23.64
9650 23.74
9660 23.36
9670 23.30
9680 24.29
9690 24.89
9700 24.64
9710 24.79
9720 24.62
9730 24.83
9740 24.55
9750 24.55
9760 24.60
9770 24.20
9780 23.50
9790 22.91
9800 22.65
9810 22.49
9820 21.90
9830 22.68
9840 22.87
9850 23.68
9860 24.04
9870 23.60
9880 24.25
9890 24.79
9900 25.78
9910 25.70
9920 26.08
9930 26.60
9940 26.67
9950 26.60
9960 26.86
9970 27.66
9980 27.63
9990 27.94
10000 27.61
10010 27.85
10020 27.46
10030 27.09
10040 26.61
10050 26.15
10060 25.33
10070 25.04
10080 25.10
10090 25.10
10100 24.64
10110 23.89
10120 23.55
10130 23.43
10140 22.93
10150 22.76
10160 23.40
10170 23.18
10180 22.41
10190 21.45
10200 21.18
10210 20.77
10220 21.05
10230 20.68
10240 20.76
10250 20.71
10260 20.12
10270 20.67
10280 21.42
10290 21.82
10300 21.96
10310 21.55
10320 21.18
10330 21.02
10340 21.11
10350 21.68
10360 21.89
10370 21.28
10380 22.03
10390 22.56
10400 22.54
10410 23.47
10420 23.26
10430 23.15
10440 23.94
10450 24.35
10460 24.68
10470 24.59
10480 24.99
10490 25.68
10500 25.50
10510 25.32
10520 24.96
10530 24.83
10540 25.26
10550 25.48
10560 25.38
10570 25.11
10580 25.49
10590 25.21
10600 25.54
10610 25.99
10620 26.94
10630 26.93
10640 26.82
10650 26.46
10660 26.18
10670 26.02
10680 25.76
10690 25.11
10700 25.02
10710 25.02
10720 24.77
10730 24.09
10740 24.21
10750 24.15
10760 24.05
10770 24.36
10780 24.10
10790 23.87
10800 24.00
10810 23.45
10820 24.10
10830 24.52
10840 25.26
10850 25.80
10860 25.01
10870 24.66
10880 24.86
10890 25.34
10900 25.40
10910 25.57
10920 25.38
10930 25.44
10940 25.75
10950 25.57
10960 25.88
10970 26.39
10980 26.90
10990 27.25
11000 27.89
11010 27.71
11020 27.20
11030 26.86
11040 26.54
11050 25.38
11060 25.21
11070 25.44
11080 24.85
11090 24.68
11100 24.42
11110 24.60
11120 24.68
11130 24.85
11140 24.97
11150 24.83
11160 25.07
11170 24.75
11180 24.60
11190 24.24
11200 23.81
11210 23.60
11220 23.22
11230 23.79
11240 22.89
11250 22.21
11260 21.57
11270 21.07
11280 20.71
11290 20.87
11300 21.21
11310 22.39
11320 22.87
11330 23.70
11340 25.77
11350 27.39
11360 28.44
11370 31.00
11380 31.59
11390 32.51
11400 32.76
11410 32.15
11420 33.06
11430 32.35
11440 31.81
11450 31.33
11460 30.33
11470 29.39
11480 28.53
11490 27.48
11500 26.43
11510 26.51
11520 26.51
11530 26.64
11540 26.19
11550 26.07
11560 25.58
11570 25.85
11580 27.35
11590 26.95
11600 27.79
11610 27.83
11620 27.54
11630 26.93
11640 27.09
11650 26.97
11660 26.41
11670 25.95
11680 25.43
11690 24.97
11700 24.47
11710 24.48
11720 24.68
11730 24.95
11740 24.51
11750 23.79
11760 23.41
11770 22.99
11780 22.76
11790 22.47
11800 22.72
11810 22.38
11820 22.73
11830 22.68
11840 22.47
11850 23.24
11860 23.15
11870 23.29
11880 23.93
11890 25.23
11900 25.73
11910 26.20
11920 25.82
11930 25.99
11940 25.37
11950 25.03
11960 25.33
11970 24.46
11980 24.27
11990 24.18
12000 24.74
12010 25.05
12020 24.43
12030 23.40
12040 22.82
12050 21.99
12060 21.23
12070 20.55
12080 20.04
12090 19.67
12100 19.35
12110 19.19
12120 18.76
12130 18.22
12140 17.94
12150 17.39
12160 16.95
12170 17.12
12180 16.60
12190 16.82
12200 16.99
12210 17.68
12220 18.04
12230 18.14
12240 17.96
12250 18.21
12260 18.95
12270 18.99
12280 18.50
12290 18.75
12300 18.42
12310 18.45
12320 18.27
12330 18.11
12340 17.97
12350 18.12
12360 18.26
12370 18.31
12380 17.93
12390 18.58
12400 18.89
12410 19.13
12420 19.42
12430 19.89
12440 20.10
12450 20.44
12460 20.90
12470 20.85
12480 21.41
12490 22.18
12500 22.53
12510 22.71
12520 22.45
12530 22.57
12540 22.41
12550 22.65
12560 22.16
12570 21.46
12580 21.09
12590 20.41
12600 19.91
12610 19.77
12620 19.31
12630 19.07
12640 19.39
12650 19.84
12660 19.89
12670 19.83
12680 19.68
12690 19.99
12700 20.49
12710 20.48
12720 20.58
12730 20.59
12740 20.58
12750 20.21
12760 19.80
12770 19.58
12780 19.77
12790 19.83
12800 19.53
12810 19.52
12820 19.14
12830 18.50
12840 18.32
12850 17.96
12860 17.84
12870 17.79
12880 18.07
12890 18.15
12900 18.12
12910 18.15
12920 18.43
12930 18.61
12940 18.86
12950 19.48
12960 20.20
12970 20.21
12980 21.11
12990 21.13
13000 21.27
13010 21.07
13020 21.25
13030 21.29
13040 21.92
13050 21.87
13060 21.76
13070 21.73
13080 21.63
13090 21.52
13100 21.85
13110 21.85
13120 21.91
13130 21.88
13140 21.60
13150 21.33
13160 20.95
13170 20.49
13180 20.06
13190 19.59
13200 19.33
13210 19.02
13220 18.80
13230 18.65
13240 18.45
13250 18.05
13260 18.03
13270 18.39
13280 18.43
13290 18.58
13300 18.83
13310 19.13
13320 19.24
13330 19.20
13340 19.30
13350 19.56
13360 19.87
13370 19.83
13380 19.82
13390 19.83
13400 19.66
13410 19.59
13420 20.17
13430 20.54
13440 20.56
13450 20.31
13460 20.63
13470 20.37
13480 20.65
13490 20.23
13500 20.67
13510 20.26
13520 20.87
13530 20.60
13540 20.15
13550 20.57
13560 20.53
13570 20.08
13580 19.43
13590 19.54
13600 19.16
13610 18.68
13620 18.61
13630 18.35
13640 17.89
13650 17.50
13660 17.41
13670 17.10
13680 16.71
13690 16.37
13700 16.05
13710 16.09
13720 16.46
13730 16.34
13740 16.47
13750 16.32
13760 16.54
13770 17.47
13780 18.25
13790 18.25
13800 18.02
13810 18.13
13820 18.04
13830 18.53
13840 19.10
13850 19.91
13860 20.21
13870 20.61
13880 20.89
13890 21.49
13900 21.59
13910 21.50
13920 21.16
13930 21.99
13940 22.22
13950 22.23
13960 23.54
13970 23.61
13980 24.25
13990 24.51
14000 24.08
14010 24.22
14020 23.32
14030 23.43
14040 23.33
14050 23.03
14060 22.76
14070 22.23
14080 21.99
14090 21.66
14100 21.48
14110 20.60
14120 20.06
14130 19.70
14140 19.62
14150 19.88
14160 19.64
14170 20.25
14180 20.64
14190 20.88
14200 20.87
14210 20.50
14220 20.40
14230 20.35
14240 20.00
14250 19.83
14260 19.40
14270 19.68
14280 19.25
14290 18.92
14300 18.51
14310 18.20
14320 17.67
14330 17.57
14340 17.11
14350 17.14
14360 17.88
14370 18.69
14380 19.19
14390 20.04
14400 19.90
14410 20.44
14420 19.98
14430 19.74
14440 19.73
14450 19.66
14460 19.67
14470 19.81
14480 19.79
14490 19.95
14500 20.38
14510 20.16
14520 20.64
14530 20.85
14540 20.79
14550 21.52
14560 22.13
14570 21.77
14580 21.59
14590 21.09
14600 20.87
14610 20.96
14620 21.13
14630 21.17
14640 21.44
14650 22.18
14660 22.87
14670 23.45
14680 23.93
14690 24.90
14700 25.25
14710 25.12
14720 25.16
14730 25.29
14740 25.12
14750 24.25
14760 23.84
14770 23.52
14780 23.30
14790 23.91
14800 24.11
14810 24.41
14820 24.45
14830 25.13
14840 24.75
14850 24.39
14860 23.71
14870 23.46
14880 23.28
14890 22.66
14900 21.88
14910 21.16
14920 20.56
14930 20.32
14940 19.74
14950 19.26
14960 19.23
14970 19.29
14980 18.83
14990 18.61
15000 18.73
15010 18.52
15020 18.52
15030 18.50
15040 18.67
15050 19.56
15060 19.71
15070 19.96
15080 20.16
15090 20.01
15100 20.90
15110 21.05
15120 21.81
15130 22.16
15140 22.31
15150 22.02
15160 22.13
15170 22.09
15180 22.11
15190 22.15
15200 21.99
15210 21.73
15220 22.15
15230 22.67
15240 22.95
15250 22.95
15260 22.90
15270 23.06
15280 24.21
15290 25.01
15300 26.97
15310 26.63
15320 27.51
15330 27.33
15340 27.04
15350 26.71
15360 26.31
15370 26.89
15380 26.47
15390 25.85
15400 25.55
15410 24.78
15420 24.49
15430 23.39
15440 22.71
15450 21.87
15460 20.89
15470 20.01
15480 19.14
15490 18.47
15500 17.69
15510 17.07
15520 16.62
15530 16.22
15540 15.88
15550 15.59
15560 15.10
15570 14.59
15580 14.11
15590 13.81
15600 13.42
15610 13.01
15620 12.67
15630 12.46
15640 12.15
15650 11.93
15660 11.81
15670 11.67
15680 11.49
15690 11.45
15700 11.41
15710 11.32
15720 11.34
15730 11.29
15740 11.12
15750 11.05
15760 11.01
15770 10.97
15780 10.95
15790 10.89
15800 10.91
15810 10.97
15820 10.91
15830 10.92
15840 10.97
15850 10.90
15860 10.85
15870 10.65
15880 10.64
15890 10.59
15900 10.54
15910 10.65
15920 10.70
15930 10.73
15940 10.73
15950 10.86
15960 10.81
15970 10.93
15980 11.01
15990 11.06
16000 11.19
16010 11.24
16020 11.29
16030 11.40
16040 11.57
16050 12.23
16060 12.71
16070 13.26
16080 13.41
16090 13.68
16100 13.80
16110 13.94
16120 14.23
16130 14.32
16140 14.46
16150 14.64
16160 14.98
16170 15.28
16180 15.49
16190 15.17
16200 15.35
16210 15.16
16220 15.00
16230 15.00
16240 15.16
16250 16.19
16260 16.61
16270 16.29
16280 16.00
16290 15.45
16300 15.65
16310 15.90
16320 16.23
16330 16.18
16340 16.15
16350 15.64
16360 15.18
16370 15.27
16380 15.32
16390 14.99
16400 14.95
16410 14.76
16420 15.05
16430 14.99
16440 14.68
16450 14.96
16460 15.06
16470 14.96
16480 14.96
16490 15.30
16500 15.16
16510 14.89
16520 15.44
16530 15.74
16540 16.40
16550 16.38
16560 16.18
16570 16.45
16580 16.97
16590 16.75
16600 16.35
16610 17.21
16620 17.48
16630 17.71
16640 18.16
16650 18.75
16660 20.46
16670 20.46
16680 21.23
16690 20.79
16700 21.56
16710 21.47
16720 22.34
16730 22.02
16740 21.95
16750 22.20
16760 22.84
16770 23.14
16780 23.52
16790 24.00
16800 25.32
16810 25.27
16820 25.51
16830 24.99
16840 23.73
16850 22.92
16860 22.38
16870 21.89
16880 20.95
16890 20.57
16900 20.18
16910 19.77
16920 20.09
16930 19.93
16940 19.90
16950 20.14
16960 20.40
16970 21.33
16980 22.24
16990 22.12
17000 23.55
17010 23.97
17020 23.68
17030 24.28
17040 24.81
17050 25.40
17060 25.20
17070 25.40
17080 25.25
17090 25.58
17100 25.34
17110 25.35
17120 24.60
17130 24.63
17140 24.08
17150 24.01
17160 23.42
17170 22.44
17180 21.45
17190 21.09
17200 20.39
17210 20.36
17220 19.82
17230 19.69
17240 19.65
17250 19.26
17260 18.74
17270 18.33
17280 17.89
17290 17.53
17300 17.32
17310 17.52
17320 17.01
17330 16.66
17340 16.31
17350 16.20
17360 15.96
17370 15.65
17380 15.35
17390 15.16
17400 15.44
17410 15.44
17420 15.42
17430 15.12
17440 14.86
17450 14.76
17460 14.91
17470 15.05
17480 14.96
17490 14.46
17500 14.78
17510 14.64
17520 14.21
17530 14.40
17540 14.02
17550 13.84
17560 13.93
17570 14.09
17580 14.56
17590 14.70
17600 14.65
17610 14.61
17620 14.40
17630 14.29
17640 14.10
17650 14.06
17660 13.80
17670 13.57
17680 13.38
17690 13.15
17700 13.21
17710 13.02
17720 12.84
17730 12.73
17740 12.67
17750 12.45
17760 12.40
17770 12.45
17780 12.36
17790 12.27
17800 12.15
17810 12.28
17820 12.22
17830 12.17
17840 12.70
17850 13.18
17860 13.32
17870 13.52
17880 13.38
17890 14.06
17900 14.69
17910 15.00
17920 14.67
17930 14.46
17940 14.26
17950 14.31
17960 14.23
17970 14.36
17980 14.43
17990 14.82
18000 14.57
18010 14.31
18020 14.18
18030 14.05
18040 13.74
18050 13.49
18060 13.64
18070 13.92
18080 14.05
18090 14.52
18100 14.77
18110 15.53
18120 16.45
18130 16.79
18140 16.67
18150 16.98
18160 16.77
18170 16.62
18180 16.91
18190 18.41
18200 19.25
18210 19.55
18220 19.56
18230 19.59
18240 19.84
18250 19.92
18260 20.10
18270 19.72
18280 19.24
18290 18.92
18300 18.60
18310 18.14
18320 18.30
18330 18.09
18340 18.38
18350 17.89
18360 17.47
18370 16.98
18380 16.58
18390 16.40
18400 16.19
18410 15.93
18420 15.67
18430 15.26
18440 15.12
18450 15.02
18460 14.93
18470 14.88
18480 14.86
18490 14.83
18500 14.80
18510 14.76
18520 14.45
18530 14.63
18540 14.82
18550 14.96
18560 14.62
18570 14.44
18580 14.72
18590 14.86
18600 14.77
18610 14.84
18620 14.66
18630 14.60
18640 14.86
18650 14.89
18660 15.14
18670 15.54
18680 15.78
18690 16.41
18700 16.57
18710 16.51
18720 16.39
18730 16.42
18740 16.25
18750 15.87
18760 15.73
18770 15.51
18780 15.20
18790 15.09
18800 15.12
18810 15.08
18820 15.01
18830 15.13
18840 14.87
18850 14.96
18860 15.60
18870 15.61
18880 16.03
18890 16.22
18900 16.95
18910 17.60
18920 17.49
18930 17.83
18940 17.81
18950 18.12
18960 18.03
18970 18.32
18980 18.83
18990 19.88
19000 20.73
19010 21.41
19020 21.87
19030 21.79
19040 21.67
19050 22.16
19060 22.11
19070 22.08
19080 22.49
19090 22.49
19100 22.59
19110 22.94
19120 23.12
19130 22.75
19140 22.64
19150 22.66
19160 22.44
19170 22.10
19180 21.53
19190 20.74
19200 20.12
19210 19.73
19220 19.46
19230 19.37
19240 19.46
19250 19.38
19260 19.68
19270 19.36
19280 19.18
19290 18.89
19300 18.57
19310 18.18
19320 18.08
19330 17.89
19340 17.55
19350 17.35
19360 17.28
19370 17.10
19380 16.95
19390 16.92
19400 16.66
19410 16.55
19420 16.66
19430 16.59
19440 17.27
19450 17.06
19460 17.23
19470 16.96
19480 16.87
19490 16.44
19500 16.47
19510 16.13
19520 16.16
19530 15.92
19540 15.60
19550 15.53
19560 15.22
19570 14.95
19580 14.76
19590 14.64
19600 14.36
19610 14.34
19620 14.16
19630 14.07
19640 13.99
19650 14.20
19660 13.96
19670 13.97
19680 13.80
19690 13.76
19700 14.08
19710 14.21
19720 14.34
19730 14.17
19740 14.15
19750 14.00
19760 13.94
19770 13.66
19780 13.85
19790 13.81
19800 13.96
19810 14.94
19820 15.63
19830 15.92
19840 16.41
19850 16.58
19860 16.29
19870 16.13
19880 16.06
19890 17.01
19900 17.16
19910 17.64
19920 17.67
19930 17.48
19940 17.35
19950 17.72
19960 17.93
19970 18.33
19980 18.62
19990 18.92
20000 19.66
20010 20.16
20020 20.40
20030 20.55
20040 21.11
20050 21.42
20060 22.26
20070 23.40
20080 23.85
20090 24.55
20100 23.92
20110 23.43
20120 23.11
20130 22.52
20140 22.58
20150 22.02
20160 21.39
20170 20.80
20180 20.32
20190 19.71
20200 19.89
20210 19.55
20220 18.94
20230 18.75
20240 20.21
20250 20.70
20260 19.92
20270 20.50
20280 19.61
20290 18.96
20300 18.64
20310 18.20
20320 17.97
20330 17.81
20340 17.68
20350 17.33
20360 16.99
20370 16.70
20380 16.68
20390 16.79
20400 16.57
20410 16.44
20420 16.03
20430 15.80
20440 15.46
20450 15.52
20460 15.28
20470 15.31
20480 15.32
20490 15.38
20500 15.73
20510 16.21
20520 16.43
20530 17.26
20540 17.55
20550 17.45
20560 17.62
20570 17.73
20580 18.55
20590 18.17
20600 17.83
20610 17.68
20620 17.33
20630 17.58
20640 17.06
20650 16.82
20660 16.56
20670 16.17
20680 15.76
20690 15.50
20700 15.08
20710 14.79
20720 14.58
20730 14.52
20740 14.91
20750 15.22
20760 15.60
20770 15.62
20780 15.69
20790 15.85
20800 16.30
20810 17.12
20820 17.20
20830 17.58
20840 17.70
20850 18.30
20860 18.48
20870 18.70
20880 18.82
20890 18.98
20900 19.25
20910 20.24
20920 20.60
20930 21.34
20940 21.07
20950 20.80
20960 20.16
20970 19.40
20980 18.74
20990 18.42
21000 18.14
21010 17.96
21020 18.32
21030 18.15
21040 17.78
21050 17.29
21060 16.92
21070 16.43
21080 15.91
21090 15.69
21100 15.50
21110 15.17
21120 15.09
21130 15.49
21140 15.60
21150 15.74
21160 16.23
21170 16.73
21180 17.43
21190 17.95
21200 17.41
21210 16.97
21220 16.61
21230 16.27
21240 15.84
21250 15.59
21260 15.40
21270 15.18
21280 15.07
21290 15.04
21300 14.82
21310 14.81
21320 14.73
21330 14.57
21340 14.65
21350 14.90
21360 14.98
21370 15.26
21380 15.14
21390 15.04
21400 15.10
21410 15.79
21420 16.27
21430 16.54
21440 17.49
21450 18.02
21460 18.55
21470 19.19
21480 20.64
21490 21.01
21500 22.03
21510 22.75
21520 23.76
21530 23.70
21540 23.90
21550 24.46
21560 24.06
21570 23.90
21580 23.58
21590 23.41
21600 23.84
21610 25.29
21620 24.96
21630 25.32
21640 25.72
21650 25.82
21660 26.33
21670 26.57
21680 26.11
21690 26.53
21700 26.22
21710 25.94
21720 25.64
21730 25.54
21740 26.49
21750 26.41
21760 26.53
21770 26.65
21780 26.33
21790 26.51
21800 26.53
21810 26.49
21820 26.40
21830 26.18
21840 25.99
21850 25.64
21860 25.51
21870 24.87
21880 24.43
21890 24.31
21900 24.28
21910 24.06
21920 23.35
21930 23.49
21940 23.13
21950 22.96
21960 23.01
21970 23.00
21980 22.70
21990 22.53
22000 22.27
22010 22.09
22020 21.84
22030 21.57
22040 21.62
22050 21.77
22060 21.71
22070 21.63
22080 21.35
22090 21.08
22100 20.92
22110 20.66
22120 20.57
22130 20.53
22140 20.63
22150 20.73
22160 21.03
22170 20.99
22180 20.93
22190 20.65
22200 20.58
22210 20.53
22220 20.30
22230 20.15
22240 19.65
22250 19.28
22260 18.98
22270 18.61
22280 18.25
22290 17.87
22300 17.48
22310 17.04
22320 16.73
22330 16.62
22340 16.69
22350 16.55
22360 16.54
22370 16.71
22380 16.80
22390 16.86
22400 16.87
22410 17.02
22420 16.95
22430 17.06
22440 17.11
22450 17.12
22460 17.14
22470 17.16
22480 17.41
22490 17.65
22500 18.25
22510 18.95
22520 19.11
22530 19.01
22540 19.01
22550 19.24
22560 19.31
22570 19.46
22580 19.45
22590 19.37
22600 19.28
22610 19.31
22620 19.24
22630 19.37
22640 19.00
22650 18.96
22660 19.11
22670 18.81
22680 18.76
22690 18.59
22700 18.39
22710 18.20
22720 17.90
22730 17.75
22740 17.62
22750 17.62
22760 17.74
22770 17.68
22780 17.89
22790 17.72
22800 17.59
22810 17.36
22820 17.38
22830 17.57
22840 17.75
22850 18.21
22860 18.30
22870 18.90
22880 18.70
22890 18.93
22900 18.97
22910 19.15
22920 19.36
22930 19.60
22940 19.64
22950 19.86
22960 19.81
22970 19.91
22980 19.55
22990 19.34
23000 19.16
23010 18.75
23020 18.44
23030 18.13
23040 17.95
23050 17.68
23060 17.37
23070 17.24
23080 16.87
23090 16.66
23100 16.62
23110 16.64
23120 16.59
23130 16.81
23140 16.78
23150 16.74
23160 16.93
23170 17.23
23180 17.59
23190 17.82
23200 17.92
23210 17.95
23220 17.89
23230 17.96
23240 18.00
23250 18.08
23260 18.14
23270 18.28
23280 18.48
23290 18.86
23300 19.11
23310 18.91
23320 18.61
23330 18.46
23340 18.34
23350 17.91
23360 17.97
23370 18.06
23380 18.58
23390 18.87
23400 18.88
23410 18.99
23420 19.28
23430 19.62
23440 19.99
23450 20.17
23460 20.17
23470 20.11
23480 19.87
23490 19.63
23500 19.25
23510 18.91
23520 18.53
23530 18.16
23540 17.75
23550 17.61
23560 17.42
23570 17.26
23580 17.16
23590 17.03
23600 16.97
23610 16.98
23620 17.22
23630 17.57
23640 17.68
23650 17.89
23660 18.22
23670 18.35
23680 18.45
23690 18.64
23700 18.67
23710 18.58
23720 18.62
23730 18.88
23740 19.07
23750 19.18
23760 19.29
23770 19.25
23780 19.47
23790 19.69
23800 19.91
23810 19.98
23820 20.26
23830 20.14
23840 20.37
23850 20.24
23860 20.10
23870 20.16
23880 20.17
23890 19.82
23900 19.62
23910 19.33
23920 19.07
23930 18.76
23940 18.43
23950 17.96
23960 17.51
23970 17.14
23980 16.73
23990 16.66
24000 16.38
24010 16.04
24020 15.81
24030 15.60
24040 15.50
24050 15.43
24060 15.45
24070 15.26
24080 15.14
24090 15.10
24100 14.97
24110 14.94
24120 15.07
24130 14.96
24140 15.06
24150 15.09
24160 15.27
24170 15.60
24180 15.70
24190 15.95
24200 16.33
24210 16.35
24220 16.26
24230 16.33
24240 16.20
24250 16.34
24260 16.23
24270 15.99
24280 16.21
24290 16.21
24300 16.05
24310 16.32
24320 16.37
24330 16.57
24340 16.81
24350 16.78
24360 16.84
24370 17.13
24380 17.21
24390 17.30
24400 17.13
24410 17.21
24420 17.09
24430 17.24
24440 17.49
24450 17.44
24460 17.50
24470 17.38
24480 17.43
24490 17.28
24500 17.37
24510 17.42
24520 17.40
24530 17.57
24540 17.64
24550 17.67
24560 17.76
24570 17.75
24580 17.76
24590 17.97
24600 17.77
24610 17.51
24620 17.31
24630 17.07
24640 17.25
24650 17.16
24660 17.04
24670 17.20
24680 17.36
24690 17.36
24700 17.46
24710 17.51
24720 17.63
24730 17.58
24740 17.41
24750 17.57
24760 17.78
24770 17.90
24780 17.94
24790 18.08
24800 18.25
24810 18.28
24820 18.50
24830 18.57
24840 18.91
24850 19.00
24860 19.09
24870 19.30
24880 19.48
24890 19.42
24900 19.20
24910 19.25
24920 19.04
24930 18.98
24940 18.92
24950 18.43
24960 18.08
24970 17.77
24980 17.29
24990 16.79
25000 16.30
25010 16.09
25020 15.70
25030 15.58
25040 15.46
25050 15.18
25060 15.05
25070 14.76
25080 14.58
25090 14.50
25100 14.41
25110 14.49
25120 14.40
25130 14.17
25140 13.89
25150 13.75
25160 13.80
25170 13.57
25180 13.62
25190 13.35
25200 13.12
25210 13.02
25220 12.74
25230 12.64
25240 12.64
25250 12.76
25260 12.87
25270 13.15
25280 13.15
25290 13.26
25300 13.26
25310 13.20
25320 13.30
25330 13.20
25340 13.51
25350 13.63
25360 13.96
25370 13.92
25380 13.98
25390 14.14
25400 14.03
25410 14.06
25420 14.34
25430 14.32
25440 14.19
25450 14.54
25460 14.60
25470 14.66
25480 14.92
25490 15.40
25500 15.22
25510 15.21
25520 15.32
25530 15.29
25540 15.16
25550 15.89
25560 15.82
25570 17.38
25580 18.18
25590 19.32
25600 19.37
25610 19.13
25620 18.61
25630 18.34
25640 19.08
25650 20.08
25660 21.25
25670 21.62
25680 21.87
25690 22.54
25700 23.18
25710 23.28
25720 22.90
25730 22.48
25740 22.41
25750 22.64
25760 22.30
25770 22.13
25780 22.28
25790 22.43
25800 22.92
25810 22.80
25820 22.76
25830 22.57
25840 22.70
25850 22.98
25860 22.91
25870 22.84
25880 22.53
25890 22.64
25900 22.35
25910 21.47
25920 21.81
25930 21.35
25940 20.80
25950 20.44
25960 20.14
25970 19.72
25980 19.70
25990 19.16
26000 18.65
26010 17.97
26020 17.50
26030 17.40
26040 17.09
26050 16.86
26060 16.88
26070 17.28
26080 17.25
26090 17.53
26100 17.25
26110 17.12
26120 16.64
26130 16.77
26140 16.28
26150 16.21
26160 16.21
26170 15.88
26180 15.79
26190 16.07
26200 16.42
26210 16.07
26220 16.93
26230 17.28
26240 17.40
26250 17.87
26260 18.23
26270 18.66
26280 18.79
26290 19.87
26300 20.40
26310 20.82
26320 21.22
26330 21.43
26340 21.59
26350 21.89
26360 21.97
26370 22.18
26380 22.32
26390 22.52
26400 22.55
26410 22.44
26420 22.47
26430 22.58
26440 23.03
26450 23.31
26460 23.43
26470 23.06
26480 22.67
26490 21.61
26500 21.07
26510 20.20
26520 19.58
26530 19.07
26540 18.60
26550 18.05
26560 17.52
26570 17.17
26580 16.82
26590 16.39
26600 16.41
26610 16.21
26620 16.03
26630 15.80
26640 16.15
26650 15.86
26660 16.20
26670 16.31
26680 16.68
26690 17.41
26700 17.96
26710 17.64
26720 17.89
26730 18.32
26740 18.65
26750 18.68
26760 18.85
26770 18.99
26780 18.98
26790 18.66
26800 18.72
26810 19.43
26820 19.44
26830 19.17
26840 19.71
26850 20.19
26860 20.60
26870 20.68
26880 20.45
26890 20.69
26900 20.48
26910 20.66
26920 20.97
26930 20.91
26940 20.93
26950 21.43
26960 21.35
26970 21.27
26980 20.61
26990 20.69
27000 21.28
27010 21.14
27020 21.03
27030 21.19
27040 20.60
27050 20.99
27060 20.52
27070 20.59
27080 20.65
27090 20.31
27100 20.11
27110 20.13
27120 20.29
27130 20.16
27140 20.41
27150 20.03
27160 19.59
27170 19.09
27180 18.96
27190 18.35
27200 18.48
27210 18.24
27220 17.77
27230 17.33
27240 17.57
27250 17.58
27260 17.20
27270 17.01
27280 16.80
27290 16.50
27300 16.23
27310 16.48
27320 16.10
27330 16.27
27340 16.83
27350 16.47
27360 16.19
27370 15.95
27380 16.28
27390 16.07
27400 16.05
27410 16.33
27420 16.11
27430 16.11
27440 16.34
27450 16.74
27460 17.19
27470 17.52
27480 18.32
27490 18.57
27500 18.52
27510 18.24
27520 18.50
27530 18.89
27540 19.02
27550 18.88
27560 19.17
27570 19.71
27580 19.44
27590 19.40
27600 19.39
27610 18.82
27620 18.77
27630 18.28
27640 17.71
27650 17.41
27660 17.03
27670 17.25
27680 17.17
27690 16.81
27700 16.37
27710 15.80
27720 15.39
27730 14.96
27740 15.27
27750 14.85
27760 14.38
27770 13.98
27780 13.64
27790 13.82
27800 13.92
27810 13.65
27820 13.58
27830 13.21
27840 13.28
27850 14.10
27860 14.98
27870 15.40
27880 15.66
27890 15.96
27900 15.87
27910 15.41
27920 14.99
27930 14.87
27940 14.53
27950 14.25
27960 13.98
27970 13.73
27980 13.36
27990 13.75
28000 14.36
28010 14.67
28020 14.96
28030 15.56
28040 16.07
28050 16.47
28060 17.06
28070 17.51
28080 17.64
28090 18.08
28100 18.12
28110 17.86
28120 17.69
28130 17.91
28140 17.66
28150 17.66
28160 17.74
28170 17.81
28180 17.42
28190 17.36
28200 17.48
28210 17.77
28220 17.70
28230 17.85
28240 17.91
28250 17.97
28260 17.65
28270 18.22
28280 18.28
28290 18.04
28300 18.38
28310 18.40
28320 18.18
28330 17.80
28340 17.47
28350 17.36
28360 17.32
28370 17.16
28380 17.15
28390 16.97
28400 16.81
28410 16.66
28420 16.50
28430 16.54
28440 16.61
28450 17.07
28460 17.56
28470 17.42
28480 17.58
28490 17.46
28500 17.38
28510 17.45
28520 17.25
28530 17.04
28540 16.92
28550 16.94
28560 17.13
28570 17.39
28580 17.38
28590 17.15
28600 16.92
28610 16.70
28620 16.37
28630 16.17
28640 16.05
28650 15.71
28660 15.59
28670 15.27
28680 15.10
28690 14.88
28700 14.63
28710 14.51
28720 14.52
28730 14.55
28740 14.67
28750 14.60
28760 14.85
28770 14.84
28780 14.86
28790 14.82
28800 14.97
28810 15.24
28820 15.86
28830 16.32
28840 16.51
28850 17.03
28860 17.51
28870 18.03
28880 18.33
28890 18.30
28900 18.39
28910 18.28
28920 18.31
28930 18.37
28940 18.52
28950 18.67
28960 18.73
28970 18.53
28980 18.41
28990 18.61
29000 18.50
29010 18.77
29020 18.33
29030 18.27
29040 18.08
29050 18.06
29060 17.87
29070 17.42
29080 17.30
29090 17.01
29100 16.85
29110 16.64
29120 16.47
29130 16.40
29140 16.21
29150 16.30
29160 16.42
29170 16.45
29180 16.52
29190 16.69
29200 16.99
29210 16.86
29220 16.65
29230 16.37
29240 16.10
29250 15.74
29260 15.67
29270 15.48
29280 15.09
29290 14.83
29300 14.64
29310 14.60
29320 14.90
29330 14.99
29340 14.93
29350 14.96
29360 15.05
29370 15.01
29380 15.11
29390 15.13
29400 15.27
29410 15.31
29420 15.53
29430 16.32
29440 16.79
29450 17.33
29460 17.63
29470 18.56
29480 18.99
29490 18.89
29500 19.14
29510 19.70
29520 19.97
29530 19.94
29540 20.44
29550 21.46
29560 21.11
29570 21.40
29580 21.32
29590 20.55
29600 19.97
29610 19.44
29620 19.11
29630 18.78
29640 18.39
29650 18.24
29660 18.13
29670 17.77
29680 17.85
29690 17.59
29700 17.42
29710 16.97
29720 16.90
29730 16.68
29740 17.15
29750 16.58
29760 16.56
29770 16.77
29780 17.26
29790 16.94
29800 16.56
29810 16.38
29820 16.36
29830 16.25
29840 16.07
29850 15.79
29860 15.85
29870 15.85
29880 15.99
29890 16.06
29900 16.60
29910 17.74
29920 17.57
29930 18.53
29940 18.48
29950 18.53
29960 19.06
29970 18.99
29980 19.30
29990 19.10
